Time;Channel B
(us);(mV)

-0,94143999;1,18110200
-0,93983999;2,36220500
-0,93823999;0,00000000
-0,93663999;1,18110200
-0,93503999;1,96850400
-0,93343999;-0,39370070
-0,93183999;1,18110200
-0,93023999;1,18110200
-0,92863999;1,18110200
-0,92703999;2,75590500
-0,92543999;0,39370070
-0,92383999;1,18110200
-0,92223999;1,96850400
-0,92063999;-0,78740150
-0,91903999;1,57480300
-0,91743999;1,18110200
-0,91583999;0,39370070
-0,91423999;1,96850400
-0,91263999;0,78740150
-0,91103999;0,39370070
-0,90943999;1,57480300
-0,90783999;0,00000000
-0,90623999;1,57480300
-0,90463999;1,18110200
-0,90303999;0,78740150
-0,90143999;2,36220500
-0,89983999;-0,39370070
-0,89823999;1,96850400
-0,89663999;2,36220500
-0,89503999;0,00000000
-0,89343999;1,18110200
-0,89183999;1,57480300
-0,89023999;0,39370070
-0,88863999;1,57480300
-0,88703999;0,00000000
-0,88543999;1,18110200
-0,88383999;1,57480300
-0,88223999;0,39370070
-0,88063999;1,57480300
-0,87903999;1,18110200
-0,87743999;0,78740150
-0,87583999;2,75590500
-0,87423999;0,78740150
-0,87263999;0,78740150
-0,87103999;1,57480300
-0,86943999;0,00000000
-0,86783999;1,18110200
-0,86623999;1,57480300
-0,86463999;0,78740150
-0,86303999;1,96850400
-0,86143999;1,18110200
-0,85983999;1,57480300
-0,85823999;1,96850400
-0,85663999;0,78740150
-0,85503999;1,18110200
-0,85343999;2,36220500
-0,85183999;0,00000000
-0,85023999;1,57480300
-0,84863999;0,78740150
-0,84703999;0,78740150
-0,84543999;1,57480300
-0,84383999;0,39370070
-0,84223999;0,78740150
-0,84063999;1,96850400
-0,83903999;0,00000000
-0,83743999;1,57480300
-0,83583999;1,18110200
-0,83423999;0,39370070
-0,83263999;2,36220500
-0,83103999;0,00000000
-0,82943999;1,18110200
-0,82783999;1,57480300
-0,82623999;0,39370070
-0,82463999;1,57480300
-0,82303999;0,78740150
-0,82143999;0,39370070
-0,81983999;1,18110200
-0,81823999;0,39370070
-0,81663999;1,18110200
-0,81503999;2,75590500
-0,81343999;0,39370070
-0,81183999;1,96850400
-0,81023999;0,78740150
-0,80863999;0,00000000
-0,80703999;1,96850400
-0,80543999;0,78740150
-0,80383999;0,78740150
-0,80223999;1,96850400
-0,80063999;0,39370070
-0,79903999;1,18110200
-0,79743999;0,78740150
-0,79583999;-0,39370070
-0,79423999;1,57480300
-0,79263999;0,78740150
-0,79103999;1,18110200
-0,78943999;2,36220500
-0,78783999;0,78740150
-0,78623999;0,78740150
-0,78463999;1,18110200
-0,78303999;0,39370070
-0,78143999;1,96850400
-0,77983999;0,78740150
-0,77823999;0,78740150
-0,77663999;1,57480300
-0,77503999;0,00000000
-0,77343999;1,96850400
-0,77183999;2,36220500
-0,77023999;0,78740150
-0,76863999;1,18110200
-0,76703999;0,39370070
-0,76543999;0,00000000
-0,76383999;0,78740150
-0,76223999;0,00000000
-0,76063999;1,18110200
-0,75903999;1,57480300
-0,75743999;0,00000000
-0,75583999;1,18110200
-0,75423999;1,18110200
-0,75263999;0,00000000
-0,75103999;1,96850400
-0,74943999;-0,39370070
-0,74783999;1,18110200
-0,74623999;1,96850400
-0,74463999;0,78740150
-0,74303999;1,57480300
-0,74143999;1,18110200
-0,73983999;0,00000000
-0,73823999;1,57480300
-0,73663999;0,00000000
-0,73503999;1,57480300
-0,73343999;2,36220500
-0,73183999;-0,39370070
-0,73023999;1,96850400
-0,72863999;1,57480300
-0,72703999;0,78740150
-0,72543999;2,36220500
-0,72383999;0,39370070
-0,72223999;1,18110200
-0,72063999;1,96850400
-0,71903999;0,39370070
-0,71743999;1,18110200
-0,71583999;1,57480300
-0,71423999;-0,39370070
-0,71263999;1,57480300
-0,71103999;0,78740150
-0,70943999;1,18110200
-0,70783999;1,18110200
-0,70623999;0,39370070
-0,70463999;1,57480300
-0,70303999;1,57480300
-0,70143999;0,78740150
-0,69983999;1,57480300
-0,69823999;0,39370070
-0,69663999;0,78740150
-0,69503999;1,96850400
-0,69343999;0,39370070
-0,69183999;0,39370070
-0,69023999;1,18110200
-0,68863999;1,18110200
-0,68703999;1,18110200
-0,68543999;0,00000000
-0,68383999;1,18110200
-0,68223999;1,18110200
-0,68063999;-0,39370070
-0,67903999;0,78740150
-0,67743999;1,57480300
-0,67583999;0,00000000
-0,67423999;1,18110200
-0,67263999;0,39370070
-0,67103999;0,78740150
-0,66943999;1,57480300
-0,66783999;0,39370070
-0,66623999;1,57480300
-0,66463999;1,57480300
-0,66303999;0,39370070
-0,66143999;1,18110200
-0,65983999;1,96850400
-0,65823999;-0,39370070
-0,65663999;2,75590500
-0,65503999;0,78740150
-0,65343999;1,18110200
-0,65183999;1,18110200
-0,65023999;-0,39370070
-0,64863999;1,18110200
-0,64703999;0,78740150
-0,64543999;0,39370070
-0,64383999;1,18110200
-0,64223999;0,00000000
-0,64063999;0,78740150
-0,63903999;1,57480300
-0,63743999;0,00000000
-0,63583999;1,18110200
-0,63423999;2,36220500
-0,63263999;0,78740150
-0,63103999;1,96850400
-0,62943999;0,39370070
-0,62783999;0,78740150
-0,62623999;0,78740150
-0,62463999;0,00000000
-0,62303999;1,18110200
-0,62143999;1,18110200
-0,61983999;1,18110200
-0,61823999;1,18110200
-0,61663999;1,57480300
-0,61503999;0,78740150
-0,61343999;1,96850400
-0,61183999;0,39370070
-0,61023999;1,18110200
-0,60863999;0,78740150
-0,60703999;0,39370070
-0,60543999;1,18110200
-0,60383999;0,78740150
-0,60223999;0,78740150
-0,60063999;2,36220500
-0,59903999;0,00000000
-0,59743999;1,18110200
-0,59583999;1,57480300
-0,59423999;1,18110200
-0,59263999;1,57480300
-0,59103999;0,78740150
-0,58943999;0,39370070
-0,58783999;1,57480300
-0,58623999;0,78740150
-0,58463999;1,57480300
-0,58303999;1,96850400
-0,58143999;1,18110200
-0,57983999;1,57480300
-0,57823999;1,18110200
-0,57663999;1,18110200
-0,57503999;1,96850400
-0,57343999;0,78740150
-0,57183999;0,00000000
-0,57023999;1,18110200
-0,56863999;0,00000000
-0,56703999;1,57480300
-0,56543999;1,96850400
-0,56383999;-0,39370070
-0,56223999;2,36220500
-0,56063999;0,39370070
-0,55903999;1,18110200
-0,55743999;1,18110200
-0,55583999;0,78740150
-0,55423999;1,96850400
-0,55263999;1,57480300
-0,55103999;0,39370070
-0,54943999;1,96850400
-0,54783999;1,18110200
-0,54623999;0,78740150
-0,54463999;1,18110200
-0,54303999;0,78740150
-0,54143999;2,36220500
-0,53983999;1,57480300
-0,53823999;1,18110200
-0,53663999;2,36220500
-0,53503999;0,78740150
-0,53343999;1,18110200
-0,53183999;1,96850400
-0,53023999;0,39370070
-0,52863999;1,18110200
-0,52703999;1,96850400
-0,52543999;0,39370070
-0,52383999;1,96850400
-0,52223999;1,96850400
-0,52063999;0,78740150
-0,51903999;1,57480300
-0,51743999;1,18110200
-0,51583999;1,18110200
-0,51423999;1,57480300
-0,51263999;0,78740150
-0,51103999;1,18110200
-0,50943999;1,18110200
-0,50783999;1,18110200
-0,50623999;1,96850400
-0,50463999;0,39370070
-0,50303999;0,39370070
-0,50143999;1,18110200
-0,49983999;1,18110200
-0,49823999;1,57480300
-0,49663999;1,57480300
-0,49503999;0,39370070
-0,49343999;2,36220500
-0,49183999;0,78740150
-0,49023999;1,18110200
-0,48863999;1,96850400
-0,48703999;1,18110200
-0,48543999;1,96850400
-0,48383999;1,57480300
-0,48223999;1,18110200
-0,48063999;1,18110200
-0,47903999;0,39370070
-0,47743999;0,39370070
-0,47583999;1,18110200
-0,47423999;0,78740150
-0,47263999;1,18110200
-0,47103999;1,18110200
-0,46943999;0,78740150
-0,46783999;1,57480300
-0,46623999;1,96850400
-0,46463999;0,78740150
-0,46303999;1,18110200
-0,46143999;0,39370070
-0,45983999;1,18110200
-0,45823999;1,57480300
-0,45663999;0,00000000
-0,45503999;0,78740150
-0,45343999;1,18110200
-0,45183999;1,18110200
-0,45023999;1,57480300
-0,44863999;0,78740150
-0,44703999;0,39370070
-0,44543999;0,78740150
-0,44383999;0,39370070
-0,44223999;1,57480300
-0,44063999;1,57480300
-0,43903999;1,18110200
-0,43743999;1,18110200
-0,43583999;1,18110200
-0,43423999;1,18110200
-0,43263999;1,18110200
-0,43103999;1,18110200
-0,42943999;1,18110200
-0,42783999;1,57480300
-0,42623999;1,18110200
-0,42463999;1,57480300
-0,42303999;0,39370070
-0,42143999;1,18110200
-0,41983999;1,18110200
-0,41823999;0,78740150
-0,41663999;1,57480300
-0,41503999;1,57480300
-0,41343999;1,18110200
-0,41183999;1,18110200
-0,41023999;1,18110200
-0,40863999;0,00000000
-0,40703999;1,57480300
-0,40543999;0,00000000
-0,40383999;1,18110200
-0,40223999;0,78740150
-0,40063999;0,78740150
-0,39903999;1,57480300
-0,39743999;0,78740150
-0,39583999;1,18110200
-0,39423999;1,57480300
-0,39263999;0,78740150
-0,39103999;1,57480300
-0,38943999;1,57480300
-0,38783999;1,18110200
-0,38623999;1,57480300
-0,38463999;1,18110200
-0,38303999;1,18110200
-0,38143999;1,96850400
-0,37983999;0,78740150
-0,37823999;1,18110200
-0,37663999;2,36220500
-0,37503999;1,18110200
-0,37343999;0,78740150
-0,37183999;0,78740150
-0,37023999;1,18110200
-0,36863999;0,78740150
-0,36703999;0,78740150
-0,36543999;1,57480300
-0,36383998;1,57480300
-0,36223998;1,18110200
-0,36063998;0,39370070
-0,35903998;1,18110200
-0,35743998;1,18110200
-0,35583998;1,96850400
-0,35423998;1,18110200
-0,35263998;1,18110200
-0,35103998;0,78740150
-0,34943998;0,78740150
-0,34783998;1,18110200
-0,34623998;0,78740150
-0,34463998;0,39370070
-0,34303998;1,18110200
-0,34143998;0,39370070
-0,33983998;1,18110200
-0,33823998;1,18110200
-0,33663998;0,39370070
-0,33503998;1,18110200
-0,33343998;0,78740150
-0,33183998;0,39370070
-0,33023998;2,36220500
-0,32863998;1,18110200
-0,32703998;0,78740150
-0,32543998;2,36220500
-0,32383998;-0,39370070
-0,32223998;0,78740150
-0,32063998;1,18110200
-0,31903998;1,18110200
-0,31743998;1,57480300
-0,31583998;0,39370070
-0,31423998;1,57480300
-0,31263998;1,57480300
-0,31103998;0,78740150
-0,30943998;1,57480300
-0,30783998;1,18110200
-0,30623998;0,39370070
-0,30463998;1,18110200
-0,30303998;0,39370070
-0,30143998;0,39370070
-0,29983998;0,78740150
-0,29823998;0,39370070
-0,29663998;0,39370070
-0,29503998;0,39370070
-0,29343998;0,78740150
-0,29183998;1,18110200
-0,29023998;1,18110200
-0,28863998;1,57480300
-0,28703998;1,57480300
-0,28543998;0,39370070
-0,28383998;0,78740150
-0,28223998;1,57480300
-0,28063998;1,18110200
-0,27903998;1,18110200
-0,27743998;0,78740150
-0,27583998;1,18110200
-0,27423998;0,78740150
-0,27263998;0,39370070
-0,27103998;0,78740150
-0,26943998;1,57480300
-0,26783998;1,18110200
-0,26623998;0,78740150
-0,26463998;0,78740150
-0,26303998;0,78740150
-0,26143998;1,18110200
-0,25983998;0,39370070
-0,25823998;1,18110200
-0,25663998;1,57480300
-0,25503998;0,39370070
-0,25343998;0,39370070
-0,25183998;1,18110200
-0,25023998;0,78740150
-0,24863998;0,39370070
-0,24703998;1,96850400
-0,24543998;0,78740150
-0,24383998;1,96850400
-0,24223998;0,78740150
-0,24063998;1,57480300
-0,23903998;0,78740150
-0,23743998;0,78740150
-0,23583998;1,57480300
-0,23423998;0,78740150
-0,23263998;0,78740150
-0,23103998;1,57480300
-0,22943998;1,18110200
-0,22783998;0,39370070
-0,22623998;1,96850400
-0,22463998;0,78740150
-0,22303998;1,57480300
-0,22143998;1,18110200
-0,21983998;0,39370070
-0,21823998;0,78740150
-0,21663998;0,78740150
-0,21503998;1,57480300
-0,21343998;1,96850400
-0,21183998;0,78740150
-0,21023998;1,18110200
-0,20863998;0,78740150
-0,20703998;0,39370070
-0,20543998;1,18110200
-0,20383998;0,39370070
-0,20223998;1,57480300
-0,20063998;1,57480300
-0,19903998;0,39370070
-0,19743998;1,57480300
-0,19583998;1,57480300
-0,19423998;1,57480300
-0,19263998;1,96850400
-0,19103998;1,18110200
-0,18943998;1,96850400
-0,18783998;1,96850400
-0,18623998;0,39370070
-0,18463998;0,39370070
-0,18303998;1,18110200
-0,18143998;0,78740150
-0,17983998;0,78740150
-0,17823998;0,78740150
-0,17663998;1,18110200
-0,17503998;1,57480300
-0,17343998;0,00000000
-0,17183998;1,57480300
-0,17023998;1,18110200
-0,16863998;0,78740150
-0,16703998;0,39370070
-0,16543998;0,78740150
-0,16383998;1,18110200
-0,16223998;1,18110200
-0,16063998;1,18110200
-0,15903998;1,96850400
-0,15743998;1,57480300
-0,15583998;0,78740150
-0,15423998;1,57480300
-0,15263998;1,57480300
-0,15103998;0,39370070
-0,14943998;1,96850400
-0,14783998;0,78740150
-0,14623998;0,39370070
-0,14463998;1,18110200
-0,14303998;0,78740150
-0,14143998;0,78740150
-0,13983998;1,18110200
-0,13823998;1,18110200
-0,13663998;1,57480300
-0,13503998;1,18110200
-0,13343998;0,78740150
-0,13183998;1,57480300
-0,13023998;0,78740150
-0,12863998;1,18110200
-0,12703998;1,96850400
-0,12543998;0,78740150
-0,12383998;1,96850400
-0,12223998;1,57480300
-0,12063998;1,57480300
-0,11903998;1,57480300
-0,11743998;0,78740150
-0,11583998;1,57480300
-0,11423998;1,18110200
-0,11263998;0,78740150
-0,11103998;1,96850400
-0,10943998;1,18110200
-0,10783998;1,57480300
-0,10623998;0,78740150
-0,10463998;0,00000000
-0,10303998;1,18110200
-0,10143998;1,57480300
-0,09983998;1,18110200
-0,09823998;1,18110200
-0,09663998;0,78740150
-0,09503998;0,39370070
-0,09343998;1,18110200
-0,09183998;0,78740150
-0,09023998;0,78740150
-0,08863998;1,18110200
-0,08703998;0,78740150
-0,08543998;1,18110200
-0,08383998;1,18110200
-0,08223998;0,00000000
-0,08063998;1,96850400
-0,07903998;1,18110200
-0,07743998;1,57480300
-0,07583998;2,36220500
-0,07423998;0,39370070
-0,07263998;1,18110200
-0,07103998;0,78740150
-0,06943998;0,39370070
-0,06783998;1,18110200
-0,06623998;1,57480300
-0,06463998;1,18110200
-0,06303998;1,57480300
-0,06143998;1,18110200
-0,05983998;0,78740150
-0,05823998;1,57480300
-0,05663998;0,00000000
-0,05503998;1,18110200
-0,05343998;1,18110200
-0,05183998;1,57480300
-0,05023998;1,57480300
-0,04863998;0,39370070
-0,04703998;1,57480300
-0,04543998;1,18110200
-0,04383998;0,78740150
-0,04223998;1,96850400
-0,04063998;1,18110200
-0,03903998;0,78740150
-0,03743998;1,18110200
-0,03583998;0,39370070
-0,03423998;0,78740150
-0,03263998;1,57480300
-0,03103998;0,78740150
-0,02943998;1,96850400
-0,02783998;2,36220500
-0,02623998;0,78740150
-0,02463998;1,96850400
-0,02303998;1,18110200
-0,02143998;1,18110200
-0,01983998;1,96850400
-0,01823998;0,78740150
-0,01663998;1,57480300
-0,01503998;1,57480300
-0,01343998;0,00000000
-0,01183998;1,18110200
-0,01023998;0,39370070
-0,00863998;0,39370070
-0,00703998;1,18110200
-0,00543998;1,57480300
-0,00383998;1,18110200
-0,00223998;1,57480300
-0,00063998;0,78740150
0,00096002;6,69291300
0,00256002;4,72440900
0,00416002;5,90551100
0,00576002;5,11811000
0,00736002;3,93700800
0,00896002;3,54330700
0,01056002;3,93700800
0,01216002;1,96850400
0,01376002;3,54330700
0,01536002;3,54330700
0,01696002;2,36220500
0,01856002;2,36220500
0,02016002;1,96850400
0,02176002;1,96850400
0,02336002;2,36220500
0,02496002;1,96850400
0,02656002;1,96850400
0,02816002;1,96850400
0,02976002;0,39370070
0,03136002;1,96850400
0,03296002;1,57480300
0,03456002;1,57480300
0,03616002;1,18110200
0,03776002;0,78740150
0,03936002;1,18110200
0,04096002;1,18110200
0,04256002;0,78740150
0,04416002;1,57480300
0,04576002;0,78740150
0,04736002;0,78740150
0,04896002;1,18110200
0,05056002;0,78740150
0,05216002;1,18110200
0,05376002;0,78740150
0,05536002;0,78740150
0,05696002;1,96850400
0,05856002;0,78740150
0,06016002;0,78740150
0,06176002;1,57480300
0,06336002;0,00000000
0,06496002;0,78740150
0,06656002;1,18110200
0,06816002;1,18110200
0,06976002;0,78740150
0,07136002;1,57480300
0,07296002;0,78740150
0,07456002;1,18110200
0,07616002;0,39370070
0,07776002;1,18110200
0,07936002;1,57480300
0,08096002;1,57480300
0,08256002;1,57480300
0,08416002;1,18110200
0,08576002;0,00000000
0,08736002;1,18110200
0,08896002;0,39370070
0,09056002;0,39370070
0,09216002;1,18110200
0,09376002;0,00000000
0,09536002;1,57480300
0,09696002;0,39370070
0,09856002;0,39370070
0,10016002;0,78740150
0,10176002;1,18110200
0,10336002;1,18110200
0,10496002;1,18110200
0,10656002;0,39370070
0,10816002;1,57480300
0,10976002;0,00000000
0,11136002;0,78740150
0,11296002;1,57480300
0,11456002;0,39370070
0,11616002;0,78740150
0,11776002;1,96850400
0,11936002;0,78740150
0,12096002;1,18110200
0,12256002;0,78740150
0,12416002;1,18110200
0,12576002;1,18110200
0,12736002;0,39370070
0,12896002;1,18110200
0,13056002;1,18110200
0,13216002;0,39370070
0,13376002;1,18110200
0,13536002;0,78740150
0,13696002;0,39370070
0,13856002;1,57480300
0,14016002;0,78740150
0,14176002;0,00000000
0,14336002;1,57480300
0,14496002;0,78740150
0,14656002;0,39370070
0,14816002;1,18110200
0,14976002;0,39370070
0,15136002;1,57480300
0,15296002;0,00000000
0,15456002;0,78740150
0,15616002;2,36220500
0,15776002;0,00000000
0,15936002;1,18110200
0,16096002;1,57480300
0,16256002;0,00000000
0,16416002;1,18110200
0,16576002;0,78740150
0,16736002;0,39370070
0,16896002;1,57480300
0,17056002;0,78740150
0,17216002;0,78740150
0,17376002;1,57480300
0,17536002;0,00000000
0,17696002;1,18110200
0,17856002;1,57480300
0,18016002;0,78740150
0,18176002;1,57480300
0,18336002;0,39370070
0,18496002;1,18110200
0,18656002;1,18110200
0,18816002;0,39370070
0,18976002;1,18110200
0,19136002;1,57480300
0,19296002;0,78740150
0,19456002;1,57480300
0,19616002;0,39370070
0,19776002;1,18110200
0,19936002;1,57480300
0,20096002;0,00000000
0,20256002;1,96850400
0,20416002;1,96850400
0,20576002;0,39370070
0,20736002;1,18110200
0,20896002;0,00000000
0,21056002;0,78740150
0,21216002;1,96850400
0,21376002;0,00000000
0,21536002;1,18110200
0,21696002;1,57480300
0,21856002;0,78740150
0,22016002;1,57480300
0,22176002;0,00000000
0,22336002;0,78740150
0,22496002;2,36220500
0,22656002;0,00000000
0,22816002;1,18110200
0,22976002;1,18110200
0,23136002;0,39370070
0,23296002;1,96850400
0,23456002;0,00000000
0,23616002;0,39370070
0,23776002;2,36220500
0,23936002;1,18110200
0,24096002;1,57480300
0,24256002;1,57480300
0,24416002;0,78740150
0,24576002;2,36220500
0,24736002;1,18110200
0,24896002;0,39370070
0,25056002;1,57480300
0,25216002;0,39370070
0,25376002;0,78740150
0,25536002;1,96850400
0,25696002;0,78740150
0,25856002;1,18110200
0,26016002;1,57480300
0,26176002;0,39370070
0,26336002;1,18110200
0,26496002;1,18110200
0,26656002;1,18110200
0,26816002;1,96850400
0,26976002;0,78740150
0,27136002;1,57480300
0,27296002;0,78740150
0,27456002;0,00000000
0,27616002;1,96850400
0,27776002;0,78740150
0,27936002;1,18110200
0,28096002;1,57480300
0,28256002;0,39370070
0,28416002;1,57480300
0,28576002;1,18110200
0,28736002;0,39370070
0,28896002;1,57480300
0,29056002;0,78740150
0,29216002;0,78740150
0,29376002;1,57480300
0,29536002;-0,78740150
0,29696002;1,18110200
0,29856002;0,78740150
0,30016002;0,00000000
0,30176002;1,57480300
0,30336002;0,39370070
0,30496002;0,39370070
0,30656002;0,39370070
0,30816002;-0,39370070
0,30976002;0,78740150
0,31136002;0,78740150
0,31296002;0,78740150
0,31456002;1,57480300
0,31616002;0,39370070
0,31776002;0,39370070
0,31936002;1,96850400
0,32096002;0,00000000
0,32256002;0,78740150
0,32416002;1,57480300
0,32576002;0,39370070
0,32736002;1,57480300
0,32896002;0,39370070
0,33056002;0,39370070
0,33216002;1,96850400
0,33376002;0,00000000
0,33536002;1,57480300
0,33696002;1,57480300
0,33856002;0,00000000
0,34016002;1,18110200
0,34176002;0,39370070
0,34336002;0,39370070
0,34496002;1,57480300
0,34656002;0,78740150
0,34816002;1,57480300
0,34976002;1,96850400
0,35136002;0,78740150
0,35296002;1,57480300
0,35456002;0,78740150
0,35616002;0,78740150
0,35776002;1,57480300
0,35936002;0,78740150
0,36096002;0,78740150
0,36256002;1,57480300
0,36416002;1,18110200
0,36576002;1,57480300
0,36736002;1,18110200
0,36896002;0,39370070
0,37056002;1,18110200
0,37216002;1,18110200
0,37376002;1,18110200
0,37536002;1,18110200
0,37696002;0,78740150
0,37856002;1,57480300
0,38016002;1,18110200
0,38176002;0,00000000
0,38336002;1,57480300
0,38496002;1,18110200
0,38656003;0,78740150
0,38816003;1,18110200
0,38976003;0,78740150
0,39136003;0,78740150
0,39296003;0,39370070
0,39456003;0,39370070
0,39616003;1,96850400
0,39776003;0,78740150
0,39936003;1,18110200
0,40096003;1,96850400
0,40256003;0,39370070
0,40416003;1,57480300
0,40576003;1,57480300
0,40736003;0,39370070
0,40896003;1,96850400
0,41056003;0,39370070
0,41216003;1,18110200
0,41376003;1,57480300
0,41536003;0,00000000
0,41696003;1,18110200
0,41856003;1,57480300
0,42016003;0,39370070
0,42176003;1,96850400
0,42336003;1,18110200
0,42496003;0,39370070
0,42656003;2,36220500
0,42816003;0,39370070
0,42976003;1,18110200
0,43136003;1,57480300
0,43296003;0,00000000
0,43456003;1,18110200
0,43616003;0,78740150
0,43776003;0,78740150
0,43936003;1,96850400
0,44096003;0,78740150
0,44256003;1,18110200
0,44416003;1,96850400
0,44576003;0,39370070
0,44736003;1,57480300
0,44896003;1,96850400
0,45056003;0,78740150
0,45216003;1,96850400
0,45376003;1,18110200
0,45536003;1,57480300
0,45696003;1,57480300
0,45856003;0,00000000
0,46016003;2,36220500
0,46176003;1,57480300
0,46336003;0,78740150
0,46496003;1,18110200
0,46656003;0,78740150
0,46816003;1,18110200
0,46976003;2,36220500
0,47136003;0,78740150
0,47296003;1,18110200
0,47456003;1,57480300
0,47616003;0,78740150
0,47776003;1,96850400
0,47936003;0,39370070
0,48096003;0,78740150
0,48256003;2,36220500
0,48416003;0,39370070
0,48576003;1,18110200
0,48736003;1,57480300
0,48896003;0,00000000
0,49056003;1,96850400
0,49216003;0,78740150
0,49376003;0,78740150
0,49536003;1,96850400
0,49696003;0,78740150
0,49856003;1,57480300
0,50016003;1,96850400
0,50176003;0,39370070
0,50336003;2,36220500
0,50496003;0,39370070
0,50656003;0,78740150
0,50816003;1,57480300
0,50976003;1,18110200
0,51136003;1,18110200
0,51296003;1,57480300
0,51456003;-1,18110200
0,51616003;0,78740150
0,51776003;1,18110200
0,51936003;0,78740150
0,52096003;1,57480300
0,52256003;1,18110200
0,52416003;0,00000000
0,52576003;1,57480300
0,52736003;-0,39370070
0,52896003;1,57480300
0,53056003;0,39370070
0,53216003;0,39370070
0,53376003;1,96850400
0,53536003;0,39370070
0,53696003;1,18110200
0,53856003;2,36220500
0,54016003;0,78740150
0,54176003;0,39370070
0,54336003;1,57480300
0,54496003;0,78740150
0,54656003;1,96850400
0,54816003;0,39370070
0,54976003;0,39370070
0,55136003;1,57480300
0,55296003;0,00000000
0,55456003;1,18110200
0,55616003;1,57480300
0,55776003;0,00000000
0,55936003;1,96850400
0,56096003;0,00000000
0,56256003;1,18110200
0,56416003;1,96850400
0,56576003;0,00000000
0,56736003;1,18110200
0,56896003;1,57480300
0,57056003;1,18110200
0,57216003;1,96850400
0,57376003;0,39370070
0,57536003;1,18110200
0,57696003;1,57480300
0,57856003;0,78740150
0,58016003;1,57480300
0,58176003;1,96850400
0,58336003;0,78740150
0,58496003;1,96850400
0,58656003;1,57480300
0,58816003;-0,39370070
0,58976003;2,75590500
0,59136003;1,18110200
0,59296003;1,18110200
0,59456003;1,57480300
0,59616003;-0,39370070
0,59776003;1,57480300
0,59936003;1,18110200
0,60096003;0,78740150
0,60256003;1,18110200
0,60416003;0,39370070
0,60576003;1,18110200
0,60736003;1,18110200
0,60896003;0,00000000
0,61056003;0,78740150
0,61216003;1,18110200
0,61376003;0,39370070
0,61536003;1,96850400
0,61696003;1,18110200
0,61856003;0,78740150
0,62016003;1,57480300
0,62176003;-0,39370070
0,62336003;1,18110200
0,62496003;0,78740150
0,62656003;0,78740150
0,62816003;2,75590500
0,62976003;0,39370070
0,63136003;0,78740150
0,63296003;0,39370070
0,63456003;0,39370070
0,63616003;0,78740150
0,63776003;1,96850400
0,63936003;0,00000000
0,64096003;1,57480300
0,64256003;1,18110200
0,64416003;0,00000000
0,64576003;1,96850400
0,64736003;0,00000000
0,64896003;0,78740150
0,65056003;1,18110200
0,65216003;0,00000000
0,65376003;1,96850400
0,65536003;0,00000000
0,65696003;0,78740150
0,65856003;1,96850400
0,66016003;0,78740150
0,66176003;1,18110200
0,66336003;1,18110200
0,66496003;0,78740150
0,66656003;1,96850400
0,66816003;1,18110200
0,66976003;0,39370070
0,67136003;2,75590500
0,67296003;0,39370070
0,67456003;1,18110200
0,67616003;0,78740150
0,67776003;0,00000000
0,67936003;2,36220500
0,68096003;1,18110200
0,68256003;0,39370070
0,68416003;1,18110200
0,68576003;-0,39370070
0,68736003;0,78740150
0,68896003;1,96850400
0,69056003;0,78740150
0,69216003;1,57480300
0,69376003;1,57480300
0,69536003;0,39370070
0,69696003;1,96850400
0,69856003;0,78740150
0,70016003;1,57480300
0,70176003;1,96850400
0,70336003;-0,39370070
0,70496003;1,96850400
0,70656003;0,78740150
0,70816003;-0,39370070
0,70976003;2,75590500
0,71136003;0,39370070
0,71296003;0,78740150
0,71456003;1,57480300
0,71616003;0,00000000
0,71776003;1,57480300
0,71936003;1,96850400
0,72096003;0,00000000
0,72256003;2,36220500
0,72416003;0,78740150
0,72576003;0,39370070
0,72736003;1,18110200
0,72896003;0,39370070
0,73056003;1,18110200
0,73216003;1,18110200
0,73376003;0,00000000
0,73536003;2,36220500
0,73696003;1,57480300
0,73856003;0,78740150
0,74016003;1,57480300
0,74176003;0,00000000
0,74336003;1,57480300
0,74496003;0,78740150
0,74656003;-0,39370070
0,74816003;1,57480300
0,74976003;1,57480300
0,75136003;0,78740150
0,75296003;1,96850400
0,75456003;0,78740150
0,75616003;1,18110200
0,75776003;2,36220500
0,75936003;0,00000000
0,76096003;1,57480300
0,76256003;1,57480300
0,76416003;0,78740150
0,76576003;2,75590500
0,76736003;0,78740150
0,76896003;1,57480300
0,77056003;1,18110200
0,77216003;0,00000000
0,77376003;1,18110200
0,77536003;1,96850400
0,77696003;0,39370070
0,77856003;1,57480300
0,78016003;-0,39370070
0,78176003;1,57480300
0,78336003;2,36220500
0,78496003;0,00000000
0,78656003;1,96850400
0,78816003;1,57480300
0,78976003;0,78740150
0,79136003;2,36220500
0,79296003;0,00000000
0,79456003;1,18110200
0,79616003;1,57480300
0,79776003;-1,18110200
0,79936003;1,57480300
0,80096003;0,78740150
0,80256003;0,78740150
0,80416003;2,36220500
0,80576003;1,18110200
0,80736003;0,78740150
0,80896003;1,96850400
0,81056003;-0,39370070
0,81216003;0,78740150
0,81376003;1,57480300
0,81536003;0,78740150
0,81696003;1,96850400
0,81856003;0,78740150
0,82016003;0,39370070
0,82176003;2,75590500
0,82336003;0,78740150
0,82496003;1,96850400
0,82656003;1,57480300
0,82816003;0,78740150
0,82976003;2,36220500
0,83136003;0,78740150
0,83296003;0,78740150
0,83456003;1,96850400
0,83616003;-0,39370070
0,83776003;0,39370070
0,83936003;1,96850400
0,84096003;0,39370070
0,84256003;1,96850400
0,84416003;1,57480300
0,84576003;-0,39370070
0,84736003;1,96850400
0,84896003;0,00000000
0,85056003;1,18110200
0,85216003;1,57480300
0,85376003;0,39370070
0,85536003;1,57480300
0,85696003;1,18110200
0,85856003;1,18110200
0,86016003;1,18110200
0,86176003;1,18110200
0,86336003;1,57480300
0,86496003;2,36220500
0,86656003;0,39370070
0,86816003;0,78740150
0,86976003;1,57480300
0,87136003;0,78740150
0,87296003;2,36220500
0,87456003;1,96850400
0,87616003;0,39370070
0,87776003;1,96850400
0,87936003;1,18110200
0,88096003;1,18110200
0,88256003;1,57480300
0,88416003;0,39370070
0,88576003;1,18110200
0,88736003;0,78740150
0,88896003;1,96850400
0,89056003;2,36220500
0,89216003;0,39370070
0,89376003;1,96850400
0,89536003;2,36220500
0,89696003;0,00000000
0,89856003;1,96850400
0,90016003;0,39370070
0,90176003;0,78740150
0,90336003;2,36220500
0,90496003;0,78740150
0,90656003;1,57480300
0,90816003;1,96850400
0,90976003;0,00000000
0,91136003;1,57480300
0,91296003;0,78740150
0,91456003;0,78740150
0,91616003;1,96850400
0,91776003;0,39370070
0,91936003;1,18110200
0,92096003;1,57480300
0,92256003;0,39370070
0,92416003;1,57480300
0,92576003;1,18110200
0,92736003;0,00000000
0,92896003;1,96850400
0,93056003;0,39370070
0,93216003;1,18110200
0,93376003;1,96850400
0,93536003;0,00000000
0,93696003;2,36220500
0,93856003;1,18110200
0,94016003;0,39370070
0,94176003;1,96850400
0,94336003;0,39370070
0,94496003;1,96850400
0,94656003;1,57480300
0,94816003;0,00000000
0,94976003;2,36220500
0,95136003;0,78740150
0,95296003;0,39370070
0,95456003;1,96850400
0,95616003;0,39370070
0,95776003;0,00000000
0,95936003;1,96850400
0,96096003;0,39370070
0,96256003;1,18110200
0,96416003;0,78740150
0,96576003;0,00000000
0,96736003;1,18110200
0,96896003;0,78740150
0,97056003;0,00000000
0,97216003;1,18110200
0,97376003;0,00000000
0,97536003;0,78740150
0,97696003;1,18110200
0,97856003;0,39370070
0,98016003;2,36220500
0,98176003;0,78740150
0,98336003;0,39370070
0,98496003;1,96850400
0,98656003;-0,39370070
0,98816003;0,78740150
0,98976003;1,57480300
0,99136003;-0,39370070
0,99296003;1,96850400
0,99456003;1,18110200
0,99616003;0,39370070
0,99776003;1,96850400
0,99936003;0,00000000
1,00096003;1,57480300
1,00256003;1,96850400
1,00416003;-0,39370070
1,00576003;1,57480300
1,00736003;0,78740150
1,00896003;0,00000000
1,01056003;1,96850400
1,01216003;0,39370070
1,01376003;1,18110200
1,01536003;1,57480300
1,01696003;0,78740150
1,01856003;1,57480300
1,02016003;0,78740150
1,02176003;0,39370070
1,02336003;1,96850400
1,02496003;0,39370070
1,02656003;1,57480300
1,02816003;1,57480300
1,02976003;0,00000000
1,03136003;1,18110200
1,03296003;2,36220500
1,03456003;0,39370070
1,03616003;2,36220500
1,03776003;0,00000000
1,03936003;0,39370070
1,04096003;1,57480300
1,04256003;0,00000000
1,04416003;1,57480300
1,04576003;1,57480300
1,04736003;0,00000000
1,04896003;1,57480300
1,05056003;0,00000000
1,05216003;0,78740150
1,05376003;1,57480300
1,05536003;0,39370070
1,05696003;1,57480300
1,05856003;1,57480300
1,06016003;0,00000000
1,06176003;2,36220500
1,06336003;0,39370070
