Time;Channel B
(us);(mV)

-0,94199999;1,18110200
-0,94039999;0,78740150
-0,93879999;0,39370070
-0,93719999;0,78740150
-0,93559999;1,57480300
-0,93399999;0,39370070
-0,93239999;0,78740150
-0,93079999;0,78740150
-0,92919999;0,78740150
-0,92759999;0,39370070
-0,92599999;1,18110200
-0,92439999;1,18110200
-0,92279999;0,78740150
-0,92119999;0,00000000
-0,91959999;1,57480300
-0,91799999;0,39370070
-0,91639999;0,00000000
-0,91479999;1,18110200
-0,91319999;0,78740150
-0,91159999;1,57480300
-0,90999999;0,78740150
-0,90839999;1,57480300
-0,90679999;1,18110200
-0,90519999;0,39370070
-0,90359999;0,00000000
-0,90199999;0,39370070
-0,90039999;0,39370070
-0,89879999;0,78740150
-0,89719999;1,18110200
-0,89559999;0,78740150
-0,89399999;1,18110200
-0,89239999;0,78740150
-0,89079999;0,78740150
-0,88919999;0,78740150
-0,88759999;0,39370070
-0,88599999;0,00000000
-0,88439999;0,78740150
-0,88279999;0,78740150
-0,88119999;1,57480300
-0,87959999;0,78740150
-0,87799999;0,78740150
-0,87639999;1,18110200
-0,87479999;0,39370070
-0,87319999;1,18110200
-0,87159999;1,57480300
-0,86999999;1,18110200
-0,86839999;0,00000000
-0,86679999;0,39370070
-0,86519999;1,18110200
-0,86359999;0,78740150
-0,86199999;1,57480300
-0,86039999;1,18110200
-0,85879999;0,78740150
-0,85719999;0,39370070
-0,85559999;1,18110200
-0,85399999;0,39370070
-0,85239999;0,78740150
-0,85079999;0,78740150
-0,84919999;0,39370070
-0,84759999;1,18110200
-0,84599999;0,39370070
-0,84439999;0,78740150
-0,84279999;0,78740150
-0,84119999;0,78740150
-0,83959999;1,18110200
-0,83799999;1,18110200
-0,83639999;0,78740150
-0,83479999;0,78740150
-0,83319999;-0,39370070
-0,83159999;1,57480300
-0,82999999;0,78740150
-0,82839999;0,39370070
-0,82679999;1,18110200
-0,82519999;0,78740150
-0,82359999;1,18110200
-0,82199999;1,18110200
-0,82039999;0,39370070
-0,81879999;0,39370070
-0,81719999;0,39370070
-0,81559999;0,78740150
-0,81399999;1,18110200
-0,81239999;1,57480300
-0,81079999;0,78740150
-0,80919999;1,57480300
-0,80759999;0,00000000
-0,80599999;0,78740150
-0,80439999;1,18110200
-0,80279999;0,39370070
-0,80119999;1,18110200
-0,79959999;1,18110200
-0,79799999;0,78740150
-0,79639999;1,57480300
-0,79479999;0,39370070
-0,79319999;1,18110200
-0,79159999;1,18110200
-0,78999999;0,39370070
-0,78839999;0,00000000
-0,78679999;0,78740150
-0,78519999;0,39370070
-0,78359999;1,18110200
-0,78199999;0,39370070
-0,78039999;0,39370070
-0,77879999;0,78740150
-0,77719999;0,39370070
-0,77559999;1,18110200
-0,77399999;0,78740150
-0,77239999;1,18110200
-0,77079999;1,18110200
-0,76919999;1,18110200
-0,76759999;1,18110200
-0,76599999;0,39370070
-0,76439999;0,78740150
-0,76279999;1,18110200
-0,76119999;1,57480300
-0,75959999;1,18110200
-0,75799999;1,18110200
-0,75639999;0,39370070
-0,75479999;1,18110200
-0,75319999;0,78740150
-0,75159999;1,18110200
-0,74999999;0,78740150
-0,74839999;0,39370070
-0,74679999;0,39370070
-0,74519999;1,18110200
-0,74359999;1,18110200
-0,74199999;0,78740150
-0,74039999;0,39370070
-0,73879999;0,39370070
-0,73719999;1,57480300
-0,73559999;0,78740150
-0,73399999;0,39370070
-0,73239999;1,18110200
-0,73079999;0,78740150
-0,72919999;1,18110200
-0,72759999;0,78740150
-0,72599999;1,18110200
-0,72439999;1,18110200
-0,72279999;-0,39370070
-0,72119999;0,78740150
-0,71959999;0,39370070
-0,71799999;1,18110200
-0,71639999;1,96850400
-0,71479999;1,96850400
-0,71319999;0,00000000
-0,71159999;1,18110200
-0,70999999;0,00000000
-0,70839999;0,78740150
-0,70679999;0,78740150
-0,70519999;0,78740150
-0,70359999;0,78740150
-0,70199999;1,18110200
-0,70039999;1,18110200
-0,69879999;0,78740150
-0,69719999;0,39370070
-0,69559999;0,78740150
-0,69399999;0,39370070
-0,69239999;0,00000000
-0,69079999;1,18110200
-0,68919999;0,78740150
-0,68759999;1,18110200
-0,68599999;0,78740150
-0,68439999;0,78740150
-0,68279999;0,39370070
-0,68119999;0,78740150
-0,67959999;0,39370070
-0,67799999;1,18110200
-0,67639999;0,39370070
-0,67479999;1,18110200
-0,67319999;0,78740150
-0,67159999;0,78740150
-0,66999999;1,18110200
-0,66839999;1,18110200
-0,66679999;0,39370070
-0,66519999;0,78740150
-0,66359999;0,00000000
-0,66199999;0,00000000
-0,66039999;1,18110200
-0,65879999;1,18110200
-0,65719999;1,96850400
-0,65559999;0,78740150
-0,65399999;1,18110200
-0,65239999;1,18110200
-0,65079999;0,78740150
-0,64919999;1,18110200
-0,64759999;1,18110200
-0,64599999;1,18110200
-0,64439999;2,36220500
-0,64279999;0,78740150
-0,64119999;1,18110200
-0,63959999;1,57480300
-0,63799999;0,39370070
-0,63639999;1,18110200
-0,63479999;1,18110200
-0,63319999;1,18110200
-0,63159999;1,18110200
-0,62999999;0,00000000
-0,62839999;0,78740150
-0,62679999;1,18110200
-0,62519999;0,78740150
-0,62359999;1,18110200
-0,62199999;0,39370070
-0,62039999;0,78740150
-0,61879999;0,78740150
-0,61719999;1,18110200
-0,61559999;1,18110200
-0,61399999;1,57480300
-0,61239999;1,18110200
-0,61079999;1,18110200
-0,60919999;1,18110200
-0,60759999;0,78740150
-0,60599999;0,00000000
-0,60439999;0,78740150
-0,60279999;1,57480300
-0,60119999;1,57480300
-0,59959999;1,18110200
-0,59799999;1,18110200
-0,59639999;0,78740150
-0,59479999;0,78740150
-0,59319999;0,39370070
-0,59159999;0,00000000
-0,58999999;1,57480300
-0,58839999;0,78740150
-0,58679999;0,78740150
-0,58519999;1,18110200
-0,58359999;1,18110200
-0,58199999;1,57480300
-0,58039999;0,78740150
-0,57879999;0,00000000
-0,57719999;0,78740150
-0,57559999;0,78740150
-0,57399999;0,78740150
-0,57239999;1,18110200
-0,57079999;1,18110200
-0,56919999;1,18110200
-0,56759999;0,78740150
-0,56599999;0,78740150
-0,56439999;0,78740150
-0,56279999;0,78740150
-0,56119999;1,18110200
-0,55959999;1,57480300
-0,55799999;0,39370070
-0,55639999;1,18110200
-0,55479999;1,18110200
-0,55319999;1,18110200
-0,55159999;0,78740150
-0,54999999;1,18110200
-0,54839999;0,78740150
-0,54679999;1,57480300
-0,54519999;1,18110200
-0,54359999;0,00000000
-0,54199999;0,78740150
-0,54039999;0,78740150
-0,53879999;1,18110200
-0,53719999;0,39370070
-0,53559999;0,78740150
-0,53399999;1,18110200
-0,53239999;0,39370070
-0,53079999;1,18110200
-0,52919999;0,00000000
-0,52759999;0,39370070
-0,52599999;1,57480300
-0,52439999;0,78740150
-0,52279999;1,18110200
-0,52119999;0,78740150
-0,51959999;0,39370070
-0,51799999;1,57480300
-0,51639999;1,57480300
-0,51479999;0,78740150
-0,51319999;0,39370070
-0,51159999;0,78740150
-0,50999999;1,18110200
-0,50839999;1,57480300
-0,50679999;1,18110200
-0,50519999;0,39370070
-0,50359999;0,78740150
-0,50199999;1,57480300
-0,50039999;1,18110200
-0,49879999;0,39370070
-0,49719999;0,78740150
-0,49559999;0,78740150
-0,49399999;0,78740150
-0,49239999;1,57480300
-0,49079999;0,78740150
-0,48919999;0,78740150
-0,48759999;0,78740150
-0,48599999;0,78740150
-0,48439999;0,78740150
-0,48279999;0,78740150
-0,48119999;0,78740150
-0,47959999;1,18110200
-0,47799999;0,78740150
-0,47639999;1,18110200
-0,47479999;1,18110200
-0,47319999;1,18110200
-0,47159999;1,57480300
-0,46999999;1,18110200
-0,46839999;1,18110200
-0,46679999;1,18110200
-0,46519999;0,39370070
-0,46359999;1,18110200
-0,46199999;1,18110200
-0,46039999;1,57480300
-0,45879999;1,57480300
-0,45719999;0,78740150
-0,45559999;0,39370070
-0,45399999;1,18110200
-0,45239999;1,18110200
-0,45079999;1,18110200
-0,44919999;0,78740150
-0,44759999;0,78740150
-0,44599999;0,39370070
-0,44439999;0,78740150
-0,44279999;0,00000000
-0,44119999;0,39370070
-0,43959999;0,78740150
-0,43799999;1,18110200
-0,43639999;1,18110200
-0,43479999;1,18110200
-0,43319999;0,78740150
-0,43159999;0,78740150
-0,42999999;0,00000000
-0,42839999;0,78740150
-0,42679999;0,39370070
-0,42519999;0,39370070
-0,42359999;0,39370070
-0,42199999;1,57480300
-0,42039999;1,18110200
-0,41879999;0,39370070
-0,41719999;1,18110200
-0,41559999;2,36220500
-0,41399999;0,78740150
-0,41239999;1,18110200
-0,41079999;0,78740150
-0,40919999;0,78740150
-0,40759999;1,96850400
-0,40599999;0,78740150
-0,40439999;0,39370070
-0,40279999;1,18110200
-0,40119999;0,39370070
-0,39959999;1,18110200
-0,39799999;0,78740150
-0,39639999;0,78740150
-0,39479999;0,78740150
-0,39319999;0,78740150
-0,39159999;0,78740150
-0,38999999;1,57480300
-0,38839999;0,39370070
-0,38679999;1,18110200
-0,38519999;1,18110200
-0,38359999;0,78740150
-0,38199999;1,96850400
-0,38039999;1,18110200
-0,37879999;1,18110200
-0,37719999;1,57480300
-0,37559999;1,18110200
-0,37399999;1,18110200
-0,37239999;1,18110200
-0,37079999;0,00000000
-0,36919999;0,78740150
-0,36759999;1,18110200
-0,36599999;1,18110200
-0,36439998;0,78740150
-0,36279998;1,18110200
-0,36119998;0,78740150
-0,35959998;0,78740150
-0,35799998;1,18110200
-0,35639998;0,00000000
-0,35479998;0,78740150
-0,35319998;0,78740150
-0,35159998;0,39370070
-0,34999998;0,78740150
-0,34839998;1,18110200
-0,34679998;1,57480300
-0,34519998;0,00000000
-0,34359998;0,78740150
-0,34199998;0,39370070
-0,34039998;0,78740150
-0,33879998;1,18110200
-0,33719998;1,18110200
-0,33559998;1,57480300
-0,33399998;1,57480300
-0,33239998;0,78740150
-0,33079998;0,78740150
-0,32919998;0,39370070
-0,32759998;1,18110200
-0,32599998;0,78740150
-0,32439998;0,39370070
-0,32279998;1,18110200
-0,32119998;0,39370070
-0,31959998;0,39370070
-0,31799998;0,78740150
-0,31639998;1,57480300
-0,31479998;0,78740150
-0,31319998;0,78740150
-0,31159998;1,18110200
-0,30999998;0,00000000
-0,30839998;0,78740150
-0,30679998;1,18110200
-0,30519998;1,57480300
-0,30359998;0,78740150
-0,30199998;1,57480300
-0,30039998;0,78740150
-0,29879998;0,39370070
-0,29719998;0,78740150
-0,29559998;0,78740150
-0,29399998;0,78740150
-0,29239998;1,18110200
-0,29079998;0,39370070
-0,28919998;1,18110200
-0,28759998;0,78740150
-0,28599998;0,78740150
-0,28439998;1,18110200
-0,28279998;0,39370070
-0,28119998;0,78740150
-0,27959998;1,18110200
-0,27799998;0,00000000
-0,27639998;0,78740150
-0,27479998;1,57480300
-0,27319998;0,78740150
-0,27159998;1,18110200
-0,26999998;0,00000000
-0,26839998;0,39370070
-0,26679998;1,18110200
-0,26519998;0,78740150
-0,26359998;0,78740150
-0,26199998;0,78740150
-0,26039998;0,78740150
-0,25879998;1,18110200
-0,25719998;-0,39370070
-0,25559998;0,39370070
-0,25399998;1,18110200
-0,25239998;0,00000000
-0,25079998;1,18110200
-0,24919998;0,39370070
-0,24759998;0,78740150
-0,24599998;0,78740150
-0,24439998;0,39370070
-0,24279998;1,18110200
-0,24119998;0,39370070
-0,23959998;0,39370070
-0,23799998;0,78740150
-0,23639998;1,18110200
-0,23479998;0,78740150
-0,23319998;0,78740150
-0,23159998;0,78740150
-0,22999998;0,39370070
-0,22839998;0,39370070
-0,22679998;0,00000000
-0,22519998;0,78740150
-0,22359998;0,78740150
-0,22199998;0,78740150
-0,22039998;0,00000000
-0,21879998;0,00000000
-0,21719998;0,00000000
-0,21559998;0,78740150
-0,21399998;1,57480300
-0,21239998;1,18110200
-0,21079998;0,00000000
-0,20919998;0,78740150
-0,20759998;0,78740150
-0,20599998;0,39370070
-0,20439998;0,39370070
-0,20279998;0,39370070
-0,20119998;0,78740150
-0,19959998;1,57480300
-0,19799998;0,00000000
-0,19639998;1,18110200
-0,19479998;0,39370070
-0,19319998;0,78740150
-0,19159998;0,78740150
-0,18999998;1,18110200
-0,18839998;0,00000000
-0,18679998;0,39370070
-0,18519998;1,18110200
-0,18359998;0,78740150
-0,18199998;0,78740150
-0,18039998;0,00000000
-0,17879998;0,78740150
-0,17719998;0,78740150
-0,17559998;1,18110200
-0,17399998;1,57480300
-0,17239998;1,18110200
-0,17079998;1,18110200
-0,16919998;0,78740150
-0,16759998;0,78740150
-0,16599998;0,78740150
-0,16439998;0,39370070
-0,16279998;1,18110200
-0,16119998;0,39370070
-0,15959998;0,00000000
-0,15799998;1,18110200
-0,15639998;1,18110200
-0,15479998;0,78740150
-0,15319998;1,57480300
-0,15159998;0,39370070
-0,14999998;1,18110200
-0,14839998;0,78740150
-0,14679998;1,57480300
-0,14519998;1,18110200
-0,14359998;0,39370070
-0,14199998;0,78740150
-0,14039998;1,18110200
-0,13879998;-0,78740150
-0,13719998;1,18110200
-0,13559998;1,18110200
-0,13399998;0,39370070
-0,13239998;2,36220500
-0,13079998;0,78740150
-0,12919998;1,57480300
-0,12759998;0,78740150
-0,12599998;0,78740150
-0,12439998;0,78740150
-0,12279998;0,78740150
-0,12119998;1,18110200
-0,11959998;1,18110200
-0,11799998;0,78740150
-0,11639998;1,18110200
-0,11479998;1,18110200
-0,11319998;1,18110200
-0,11159998;1,18110200
-0,10999998;0,39370070
-0,10839998;1,18110200
-0,10679998;1,57480300
-0,10519998;0,78740150
-0,10359998;0,78740150
-0,10199998;0,39370070
-0,10039998;0,78740150
-0,09879998;0,39370070
-0,09719998;0,78740150
-0,09559998;0,78740150
-0,09399998;1,96850400
-0,09239998;1,18110200
-0,09079998;1,96850400
-0,08919998;1,18110200
-0,08759998;0,78740150
-0,08599998;1,18110200
-0,08439998;1,18110200
-0,08279998;0,78740150
-0,08119998;1,18110200
-0,07959998;0,78740150
-0,07799998;1,18110200
-0,07639998;1,96850400
-0,07479998;0,39370070
-0,07319998;1,18110200
-0,07159998;1,18110200
-0,06999998;0,78740150
-0,06839998;1,18110200
-0,06679998;1,18110200
-0,06519998;0,78740150
-0,06359998;1,57480300
-0,06199998;0,00000000
-0,06039998;0,78740150
-0,05879998;1,18110200
-0,05719998;1,18110200
-0,05559998;1,18110200
-0,05399998;1,18110200
-0,05239998;0,78740150
-0,05079998;1,18110200
-0,04919998;0,39370070
-0,04759998;0,78740150
-0,04599998;0,39370070
-0,04439998;0,78740150
-0,04279998;0,78740150
-0,04119998;0,78740150
-0,03959998;1,57480300
-0,03799998;1,18110200
-0,03639998;0,39370070
-0,03479998;1,18110200
-0,03319998;-0,78740150
-0,03159998;0,78740150
-0,02999998;0,78740150
-0,02839998;1,57480300
-0,02679998;1,18110200
-0,02519998;1,18110200
-0,02359998;0,39370070
-0,02199998;1,18110200
-0,02039998;0,00000000
-0,01879998;1,57480300
-0,01719998;0,78740150
-0,01559998;0,00000000
-0,01399998;1,18110200
-0,01239998;0,39370070
-0,01079998;0,78740150
-0,00919998;1,18110200
-0,00759998;1,18110200
-0,00599998;0,78740150
-0,00439998;0,78740150
-0,00279998;1,18110200
-0,00119998;3,93700800
0,00040002;5,51181100
0,00200002;6,29921200
0,00360002;5,11811000
0,00520002;5,11811000
0,00680002;4,72440900
0,00840002;3,14960600
0,01000002;3,93700800
0,01160002;3,14960600
0,01320002;1,96850400
0,01480002;1,96850400
0,01640002;2,75590500
0,01800002;1,18110200
0,01960002;1,96850400
0,02120002;2,75590500
0,02280002;1,18110200
0,02440002;1,57480300
0,02600002;1,57480300
0,02760002;1,57480300
0,02920002;1,96850400
0,03080002;0,00000000
0,03240002;0,78740150
0,03400002;1,18110200
0,03560002;1,57480300
0,03720002;1,57480300
0,03880002;0,78740150
0,04040002;1,18110200
0,04200002;1,18110200
0,04360002;0,78740150
0,04520002;0,39370070
0,04680002;1,96850400
0,04840002;0,78740150
0,05000002;1,18110200
0,05160002;0,78740150
0,05320002;0,39370070
0,05480002;0,39370070
0,05640002;0,78740150
0,05800002;1,18110200
0,05960002;0,00000000
0,06120002;0,78740150
0,06280002;0,78740150
0,06440002;1,18110200
0,06600002;1,57480300
0,06760002;1,57480300
0,06920002;0,39370070
0,07080002;0,00000000
0,07240002;0,78740150
0,07400002;1,57480300
0,07560002;1,57480300
0,07720002;0,78740150
0,07880002;1,18110200
0,08040002;0,78740150
0,08200002;1,18110200
0,08360002;1,18110200
0,08520002;0,00000000
0,08680002;0,39370070
0,08840002;1,18110200
0,09000002;0,78740150
0,09160002;1,57480300
0,09320002;0,39370070
0,09480002;1,57480300
0,09640002;4,72440900
0,09800002;5,51181100
0,09960002;6,29921200
0,10120002;5,11811000
0,10280002;4,33070900
0,10440002;3,14960600
0,10600002;2,75590500
0,10760002;2,36220500
0,10920002;2,36220500
0,11080002;2,75590500
0,11240002;1,57480300
0,11400002;1,96850400
0,11560002;0,78740150
0,11720002;1,18110200
0,11880002;1,18110200
0,12040002;0,39370070
0,12200002;0,78740150
0,12360002;1,18110200
0,12520002;1,18110200
0,12680002;0,78740150
0,12840002;0,78740150
0,13000002;1,96850400
0,13160002;1,18110200
0,13320002;-0,39370070
0,13480002;1,18110200
0,13640002;0,78740150
0,13800002;0,78740150
0,13960002;0,78740150
0,14120002;1,18110200
0,14280002;1,18110200
0,14440002;1,18110200
0,14600002;0,78740150
0,14760002;1,18110200
0,14920002;0,78740150
0,15080002;0,39370070
0,15240002;0,39370070
0,15400002;0,78740150
0,15560002;1,18110200
0,15720002;0,78740150
0,15880002;0,00000000
0,16040002;0,39370070
0,16200002;0,00000000
0,16360002;0,39370070
0,16520002;0,78740150
0,16680002;0,78740150
0,16840002;-0,39370070
0,17000002;-0,39370070
0,17160002;0,00000000
0,17320002;1,18110200
0,17480002;0,39370070
0,17640002;0,78740150
0,17800002;0,39370070
0,17960002;0,39370070
0,18120002;0,78740150
0,18280002;0,39370070
0,18440002;1,18110200
0,18600002;0,39370070
0,18760002;0,39370070
0,18920002;1,18110200
0,19080002;0,78740150
0,19240002;0,78740150
0,19400002;0,39370070
0,19560002;0,78740150
0,19720002;0,78740150
0,19880002;0,00000000
0,20040002;0,00000000
0,20200002;0,78740150
0,20360002;-0,39370070
0,20520002;0,78740150
0,20680002;0,78740150
0,20840002;0,39370070
0,21000002;0,39370070
0,21160002;0,39370070
0,21320002;-0,39370070
0,21480002;0,00000000
0,21640002;0,39370070
0,21800002;0,78740150
0,21960002;0,00000000
0,22120002;0,39370070
0,22280002;1,18110200
0,22440002;0,78740150
0,22600002;0,00000000
0,22760002;0,39370070
0,22920002;0,39370070
0,23080002;0,78740150
0,23240002;1,18110200
0,23400002;0,00000000
0,23560002;0,00000000
0,23720002;0,78740150
0,23880002;0,78740150
0,24040002;1,18110200
0,24200002;0,78740150
0,24360002;0,39370070
0,24520002;-0,78740150
0,24680002;0,00000000
0,24840002;1,18110200
0,25000002;0,78740150
0,25160002;1,18110200
0,25320002;0,00000000
0,25480002;0,00000000
0,25640002;0,00000000
0,25800002;0,00000000
0,25960002;-0,39370070
0,26120002;0,78740150
0,26280002;0,78740150
0,26440002;0,78740150
0,26600002;0,78740150
0,26760002;0,78740150
0,26920002;0,78740150
0,27080002;0,78740150
0,27240002;0,39370070
0,27400002;0,39370070
0,27560002;0,00000000
0,27720002;0,78740150
0,27880002;0,39370070
0,28040002;0,39370070
0,28200002;0,78740150
0,28360002;0,00000000
0,28520002;1,57480300
0,28680002;0,78740150
0,28840002;1,18110200
0,29000002;1,57480300
0,29160002;0,78740150
0,29320002;0,39370070
0,29480002;0,39370070
0,29640002;0,39370070
0,29800002;0,78740150
0,29960002;0,39370070
0,30120002;0,78740150
0,30280002;0,39370070
0,30440002;0,39370070
0,30600002;0,00000000
0,30760002;0,78740150
0,30920002;0,78740150
0,31080002;1,18110200
0,31240002;1,57480300
0,31400002;0,78740150
0,31560002;0,39370070
0,31720002;0,78740150
0,31880002;0,00000000
0,32040002;0,78740150
0,32200002;0,78740150
0,32360002;1,18110200
0,32520002;1,18110200
0,32680002;0,00000000
0,32840002;0,00000000
0,33000002;1,18110200
0,33160002;0,78740150
0,33320002;0,78740150
0,33480002;0,78740150
0,33640002;1,18110200
0,33800002;1,18110200
0,33960002;0,39370070
0,34120002;0,00000000
0,34280002;0,39370070
0,34440002;0,78740150
0,34600002;0,39370070
0,34760002;0,78740150
0,34920002;0,78740150
0,35080002;1,18110200
0,35240002;0,00000000
0,35400002;0,00000000
0,35560002;0,39370070
0,35720002;0,39370070
0,35880002;1,18110200
0,36040002;0,78740150
0,36200002;1,18110200
0,36360002;0,78740150
0,36520002;0,39370070
0,36680002;-0,39370070
0,36840002;0,78740150
0,37000002;0,00000000
0,37160002;1,18110200
0,37320002;0,78740150
0,37480002;1,57480300
0,37640002;1,57480300
0,37800002;0,39370070
0,37960002;0,78740150
0,38120002;1,18110200
0,38280002;1,18110200
0,38440002;1,57480300
0,38600003;0,78740150
0,38760003;1,18110200
0,38920003;1,57480300
0,39080003;1,18110200
0,39240003;1,18110200
0,39400003;1,18110200
0,39560003;1,96850400
0,39720003;1,18110200
0,39880003;0,78740150
0,40040003;0,00000000
0,40200003;0,78740150
0,40360003;0,39370070
0,40520003;0,39370070
0,40680003;0,00000000
0,40840003;1,18110200
0,41000003;0,39370070
0,41160003;0,39370070
0,41320003;0,39370070
0,41480003;0,39370070
0,41640003;0,39370070
0,41800003;1,18110200
0,41960003;1,18110200
0,42120003;0,78740150
0,42280003;0,78740150
0,42440003;0,00000000
0,42600003;1,18110200
0,42760003;0,78740150
0,42920003;0,39370070
0,43080003;0,78740150
0,43240003;0,78740150
0,43400003;0,39370070
0,43560003;0,78740150
0,43720003;0,78740150
0,43880003;1,18110200
0,44040003;0,78740150
0,44200003;0,78740150
0,44360003;0,00000000
0,44520003;0,00000000
0,44680003;0,39370070
0,44840003;0,78740150
0,45000003;1,18110200
0,45160003;0,78740150
0,45320003;0,39370070
0,45480003;0,39370070
0,45640003;0,78740150
0,45800003;0,78740150
0,45960003;0,78740150
0,46120003;1,18110200
0,46280003;0,78740150
0,46440003;0,00000000
0,46600003;0,78740150
0,46760003;1,18110200
0,46920003;0,78740150
0,47080003;0,39370070
0,47240003;0,39370070
0,47400003;1,18110200
0,47560003;0,39370070
0,47720003;0,39370070
0,47880003;0,78740150
0,48040003;0,39370070
0,48200003;0,78740150
0,48360003;-0,39370070
0,48520003;1,18110200
0,48680003;1,18110200
0,48840003;0,78740150
0,49000003;1,18110200
0,49160003;0,39370070
0,49320003;0,39370070
0,49480003;1,18110200
0,49640003;0,00000000
0,49800003;1,18110200
0,49960003;0,78740150
0,50120003;0,78740150
0,50280003;0,78740150
0,50440003;0,78740150
0,50600003;1,96850400
0,50760003;1,18110200
0,50920003;0,78740150
0,51080003;0,78740150
0,51240003;0,39370070
0,51400003;0,39370070
0,51560003;0,39370070
0,51720003;0,39370070
0,51880003;0,39370070
0,52040003;0,78740150
0,52200003;0,39370070
0,52360003;1,57480300
0,52520003;1,18110200
0,52680003;0,78740150
0,52840003;1,18110200
0,53000003;0,39370070
0,53160003;1,18110200
0,53320003;0,78740150
0,53480003;0,39370070
0,53640003;1,18110200
0,53800003;0,00000000
0,53960003;0,39370070
0,54120003;1,18110200
0,54280003;0,39370070
0,54440003;1,18110200
0,54600003;1,57480300
0,54760003;0,00000000
0,54920003;1,18110200
0,55080003;1,57480300
0,55240003;1,18110200
0,55400003;0,78740150
0,55560003;-0,39370070
0,55720003;0,39370070
0,55880003;2,36220500
0,56040003;0,78740150
0,56200003;1,18110200
0,56360003;1,18110200
0,56520003;0,78740150
0,56680003;0,39370070
0,56840003;1,18110200
0,57000003;1,18110200
0,57160003;1,18110200
0,57320003;0,78740150
0,57480003;1,18110200
0,57640003;0,00000000
0,57800003;0,78740150
0,57960003;0,78740150
0,58120003;0,78740150
0,58280003;0,78740150
0,58440003;0,00000000
0,58600003;0,39370070
0,58760003;1,18110200
0,58920003;1,18110200
0,59080003;1,18110200
0,59240003;0,78740150
0,59400003;1,18110200
0,59560003;0,39370070
0,59720003;0,78740150
0,59880003;0,39370070
0,60040003;0,78740150
0,60200003;0,39370070
0,60360003;1,18110200
0,60520003;0,78740150
0,60680003;1,18110200
0,60840003;0,78740150
0,61000003;0,39370070
0,61160003;0,78740150
0,61320003;0,78740150
0,61480003;0,39370070
0,61640003;0,78740150
0,61800003;0,39370070
0,61960003;1,18110200
0,62120003;1,57480300
0,62280003;1,18110200
0,62440003;0,78740150
0,62600003;1,18110200
0,62760003;0,78740150
0,62920003;0,78740150
0,63080003;0,78740150
0,63240003;0,78740150
0,63400003;1,96850400
0,63560003;0,39370070
0,63720003;0,00000000
0,63880003;0,39370070
0,64040003;0,78740150
0,64200003;1,18110200
0,64360003;0,39370070
0,64520003;1,18110200
0,64680003;1,18110200
0,64840003;0,00000000
0,65000003;0,78740150
0,65160003;0,78740150
0,65320003;0,78740150
0,65480003;0,00000000
0,65640003;-0,39370070
0,65800003;0,78740150
0,65960003;1,18110200
0,66120003;0,78740150
0,66280003;-0,39370070
0,66440003;1,57480300
0,66600003;0,39370070
0,66760003;0,78740150
0,66920003;1,57480300
0,67080003;0,78740150
0,67240003;0,78740150
0,67400003;0,39370070
0,67560003;0,00000000
0,67720003;0,78740150
0,67880003;0,39370070
0,68040003;1,57480300
0,68200003;0,78740150
0,68360003;1,57480300
0,68520003;1,18110200
0,68680003;0,39370070
0,68840003;0,78740150
0,69000003;1,18110200
0,69160003;0,78740150
0,69320003;0,78740150
0,69480003;0,78740150
0,69640003;1,18110200
0,69800003;1,57480300
0,69960003;0,00000000
0,70120003;1,18110200
0,70280003;0,39370070
0,70440003;0,78740150
0,70600003;0,78740150
0,70760003;0,78740150
0,70920003;0,39370070
0,71080003;0,39370070
0,71240003;1,18110200
0,71400003;1,18110200
0,71560003;1,18110200
0,71720003;0,78740150
0,71880003;0,78740150
0,72040003;0,00000000
0,72200003;0,39370070
0,72360003;1,18110200
0,72520003;0,78740150
0,72680003;0,39370070
0,72840003;1,57480300
0,73000003;1,18110200
0,73160003;0,78740150
0,73320003;0,78740150
0,73480003;0,78740150
0,73640003;0,78740150
0,73800003;0,39370070
0,73960003;0,39370070
0,74120003;0,78740150
0,74280003;0,78740150
0,74440003;1,96850400
0,74600003;0,39370070
0,74760003;0,78740150
0,74920003;0,78740150
0,75080003;0,39370070
0,75240003;1,18110200
0,75400003;0,39370070
0,75560003;0,39370070
0,75720003;0,78740150
0,75880003;1,18110200
0,76040003;0,39370070
0,76200003;1,18110200
0,76360003;0,00000000
0,76520003;0,78740150
0,76680003;1,18110200
0,76840003;0,78740150
0,77000003;0,78740150
0,77160003;0,78740150
0,77320003;1,18110200
0,77480003;1,57480300
0,77640003;0,78740150
0,77800003;1,18110200
0,77960003;0,78740150
0,78120003;0,78740150
0,78280003;0,39370070
0,78440003;0,00000000
0,78600003;0,78740150
0,78760003;1,18110200
0,78920003;0,39370070
0,79080003;0,78740150
0,79240003;0,78740150
0,79400003;1,18110200
0,79560003;1,18110200
0,79720003;1,57480300
0,79880003;0,78740150
0,80040003;0,39370070
0,80200003;0,00000000
0,80360003;0,78740150
0,80520003;0,39370070
0,80680003;0,78740150
0,80840003;0,78740150
0,81000003;0,78740150
0,81160003;1,57480300
0,81320003;0,78740150
0,81480003;0,78740150
0,81640003;0,39370070
0,81800003;0,78740150
0,81960003;1,18110200
0,82120003;0,78740150
0,82280003;1,57480300
0,82440003;1,18110200
0,82600003;0,78740150
0,82760003;0,00000000
0,82920003;1,57480300
0,83080003;-0,39370070
0,83240003;1,18110200
0,83400003;1,18110200
0,83560003;0,39370070
0,83720003;0,39370070
0,83880003;0,78740150
0,84040003;0,78740150
0,84200003;0,78740150
0,84360003;0,78740150
0,84520003;0,78740150
0,84680003;1,18110200
0,84840003;0,78740150
0,85000003;0,78740150
0,85160003;1,18110200
0,85320003;1,18110200
0,85480003;1,18110200
0,85640003;0,00000000
0,85800003;0,78740150
0,85960003;0,78740150
0,86120003;1,18110200
0,86280003;1,18110200
0,86440003;0,00000000
0,86600003;0,78740150
0,86760003;0,78740150
0,86920003;0,39370070
0,87080003;1,18110200
0,87240003;0,39370070
0,87400003;1,18110200
0,87560003;1,18110200
0,87720003;1,18110200
0,87880003;1,57480300
0,88040003;1,57480300
0,88200003;0,78740150
0,88360003;1,18110200
0,88520003;0,78740150
0,88680003;1,18110200
0,88840003;0,78740150
0,89000003;0,39370070
0,89160003;1,96850400
0,89320003;1,96850400
0,89480003;1,18110200
0,89640003;1,18110200
0,89800003;0,39370070
0,89960003;0,78740150
0,90120003;1,18110200
0,90280003;1,18110200
0,90440003;1,18110200
0,90600003;0,39370070
0,90760003;0,78740150
0,90920003;0,78740150
0,91080003;0,39370070
0,91240003;1,18110200
0,91400003;1,18110200
0,91560003;0,78740150
0,91720003;1,18110200
0,91880003;0,39370070
0,92040003;0,39370070
0,92200003;0,78740150
0,92360003;0,00000000
0,92520003;0,78740150
0,92680003;0,78740150
0,92840003;0,78740150
0,93000003;1,18110200
0,93160003;-0,39370070
0,93320003;1,18110200
0,93480003;0,78740150
0,93640003;0,39370070
0,93800003;1,57480300
0,93960003;0,78740150
0,94120003;0,39370070
0,94280003;0,78740150
0,94440003;0,78740150
0,94600003;0,78740150
0,94760003;1,96850400
0,94920003;1,18110200
0,95080003;1,18110200
0,95240003;1,18110200
0,95400003;0,78740150
0,95560003;1,18110200
0,95720003;1,18110200
0,95880003;0,39370070
0,96040003;1,57480300
0,96200003;0,78740150
0,96360003;1,57480300
0,96520003;0,78740150
0,96680003;1,18110200
0,96840003;0,78740150
0,97000003;1,18110200
0,97160003;0,78740150
0,97320003;1,18110200
0,97480003;0,39370070
0,97640003;0,78740150
0,97800003;1,57480300
0,97960003;1,57480300
0,98120003;1,57480300
0,98280003;0,00000000
0,98440003;0,39370070
0,98600003;1,18110200
0,98760003;1,18110200
0,98920003;0,78740150
0,99080003;0,00000000
0,99240003;0,78740150
0,99400003;1,18110200
0,99560003;0,78740150
0,99720003;1,57480300
0,99880003;0,39370070
1,00040003;0,78740150
1,00200003;0,39370070
1,00360003;0,78740150
1,00520003;1,18110200
1,00680003;1,18110200
1,00840003;0,39370070
1,01000003;1,57480300
1,01160003;0,78740150
1,01320003;0,78740150
1,01480003;1,18110200
1,01640003;1,18110200
1,01800003;0,78740150
1,01960003;1,18110200
1,02120003;0,39370070
1,02280003;1,18110200
1,02440003;1,57480300
1,02600003;0,78740150
1,02760003;1,18110200
1,02920003;1,57480300
1,03080003;1,18110200
1,03240003;0,78740150
1,03400003;0,78740150
1,03560003;1,57480300
1,03720003;1,57480300
1,03880003;0,39370070
1,04040003;1,18110200
1,04200003;0,78740150
1,04360003;1,18110200
1,04520003;0,78740150
1,04680003;1,18110200
1,04840003;1,57480300
1,05000003;1,57480300
1,05160003;0,39370070
1,05320003;1,18110200
1,05480003;-0,39370070
1,05640003;0,00000000
1,05800003;1,18110200
1,05960003;0,78740150
1,06120003;1,18110200
1,06280003;0,78740150
