Time;Channel B
(us);(mV)

-0,94205714;0,78740150
-0,94045714;0,78740150
-0,93885714;1,18110200
-0,93725714;1,18110200
-0,93565714;1,18110200
-0,93405714;0,78740150
-0,93245714;0,78740150
-0,93085714;0,39370070
-0,92925714;1,18110200
-0,92765714;1,18110200
-0,92605714;1,18110200
-0,92445714;0,00000000
-0,92285714;0,78740150
-0,92125714;1,18110200
-0,91965714;0,39370070
-0,91805714;0,78740150
-0,91645714;0,78740150
-0,91485714;1,18110200
-0,91325714;1,18110200
-0,91165714;0,39370070
-0,91005714;1,18110200
-0,90845714;0,78740150
-0,90685714;0,39370070
-0,90525714;0,78740150
-0,90365714;0,39370070
-0,90205714;0,00000000
-0,90045714;1,18110200
-0,89885714;0,39370070
-0,89725714;0,00000000
-0,89565714;1,18110200
-0,89405714;1,18110200
-0,89245714;0,78740150
-0,89085714;1,18110200
-0,88925714;0,78740150
-0,88765713;1,57480300
-0,88605713;1,18110200
-0,88445713;0,78740150
-0,88285713;0,78740150
-0,88125713;0,39370070
-0,87965713;-0,39370070
-0,87805713;0,00000000
-0,87645713;0,78740150
-0,87485713;0,78740150
-0,87325713;1,18110200
-0,87165713;0,78740150
-0,87005713;1,57480300
-0,86845713;0,78740150
-0,86685713;0,39370070
-0,86525713;0,78740150
-0,86365713;0,78740150
-0,86205713;0,39370070
-0,86045713;0,78740150
-0,85885713;1,18110200
-0,85725713;1,18110200
-0,85565713;1,57480300
-0,85405713;0,78740150
-0,85245713;1,18110200
-0,85085713;1,96850400
-0,84925713;0,78740150
-0,84765713;0,78740150
-0,84605713;0,78740150
-0,84445713;0,78740150
-0,84285713;1,18110200
-0,84125713;0,78740150
-0,83965713;0,78740150
-0,83805713;0,39370070
-0,83645713;1,57480300
-0,83485713;1,18110200
-0,83325713;0,78740150
-0,83165713;1,18110200
-0,83005713;0,78740150
-0,82845713;0,39370070
-0,82685713;0,78740150
-0,82525713;0,78740150
-0,82365713;1,18110200
-0,82205713;0,39370070
-0,82045713;1,18110200
-0,81885713;1,18110200
-0,81725713;1,57480300
-0,81565713;0,78740150
-0,81405713;0,78740150
-0,81245713;1,18110200
-0,81085713;1,18110200
-0,80925713;0,78740150
-0,80765713;0,78740150
-0,80605713;0,78740150
-0,80445713;1,18110200
-0,80285713;0,39370070
-0,80125713;0,39370070
-0,79965713;0,39370070
-0,79805713;1,18110200
-0,79645713;1,18110200
-0,79485713;0,78740150
-0,79325713;1,18110200
-0,79165713;0,78740150
-0,79005713;0,39370070
-0,78845713;1,57480300
-0,78685713;1,18110200
-0,78525713;0,39370070
-0,78365713;1,18110200
-0,78205713;0,39370070
-0,78045713;0,39370070
-0,77885713;1,18110200
-0,77725713;1,18110200
-0,77565713;0,78740150
-0,77405713;0,78740150
-0,77245713;1,57480300
-0,77085713;0,78740150
-0,76925713;1,18110200
-0,76765713;1,57480300
-0,76605713;1,18110200
-0,76445713;1,57480300
-0,76285713;1,18110200
-0,76125713;0,78740150
-0,75965713;0,39370070
-0,75805713;1,18110200
-0,75645713;0,78740150
-0,75485713;1,57480300
-0,75325713;0,39370070
-0,75165713;1,18110200
-0,75005713;1,18110200
-0,74845713;0,78740150
-0,74685713;0,39370070
-0,74525713;0,78740150
-0,74365713;1,18110200
-0,74205713;1,18110200
-0,74045713;0,78740150
-0,73885713;1,18110200
-0,73725713;0,78740150
-0,73565713;0,78740150
-0,73405713;1,18110200
-0,73245713;1,18110200
-0,73085713;0,78740150
-0,72925713;1,18110200
-0,72765713;1,96850400
-0,72605713;0,78740150
-0,72445713;1,18110200
-0,72285713;0,78740150
-0,72125713;1,18110200
-0,71965713;1,18110200
-0,71805713;1,57480300
-0,71645713;0,78740150
-0,71485713;1,57480300
-0,71325713;0,78740150
-0,71165713;0,00000000
-0,71005713;1,18110200
-0,70845713;1,18110200
-0,70685713;1,18110200
-0,70525713;0,78740150
-0,70365713;0,39370070
-0,70205713;1,18110200
-0,70045713;0,78740150
-0,69885713;1,57480300
-0,69725713;1,96850400
-0,69565713;1,18110200
-0,69405713;1,18110200
-0,69245713;0,39370070
-0,69085713;0,00000000
-0,68925713;0,39370070
-0,68765713;0,78740150
-0,68605713;1,18110200
-0,68445713;0,78740150
-0,68285713;1,96850400
-0,68125713;1,18110200
-0,67965713;0,78740150
-0,67805713;1,18110200
-0,67645713;0,78740150
-0,67485713;0,78740150
-0,67325713;1,57480300
-0,67165713;0,78740150
-0,67005713;0,78740150
-0,66845713;1,57480300
-0,66685713;1,57480300
-0,66525713;0,78740150
-0,66365713;0,39370070
-0,66205713;0,78740150
-0,66045713;1,18110200
-0,65885713;1,18110200
-0,65725713;1,18110200
-0,65565713;1,18110200
-0,65405713;1,18110200
-0,65245713;0,78740150
-0,65085713;1,57480300
-0,64925713;1,18110200
-0,64765713;1,18110200
-0,64605713;0,78740150
-0,64445713;0,78740150
-0,64285713;1,18110200
-0,64125713;1,18110200
-0,63965713;0,78740150
-0,63805713;0,78740150
-0,63645713;1,18110200
-0,63485713;0,78740150
-0,63325713;0,78740150
-0,63165713;0,78740150
-0,63005713;1,18110200
-0,62845713;0,78740150
-0,62685713;1,18110200
-0,62525713;1,18110200
-0,62365713;0,39370070
-0,62205713;1,18110200
-0,62045713;1,18110200
-0,61885713;0,78740150
-0,61725713;1,57480300
-0,61565713;1,18110200
-0,61405713;0,00000000
-0,61245713;1,18110200
-0,61085713;1,57480300
-0,60925713;0,78740150
-0,60765713;1,18110200
-0,60605713;1,18110200
-0,60445713;0,39370070
-0,60285713;1,57480300
-0,60125713;0,78740150
-0,59965713;0,78740150
-0,59805713;0,78740150
-0,59645713;1,18110200
-0,59485713;1,57480300
-0,59325713;0,78740150
-0,59165713;0,00000000
-0,59005713;1,18110200
-0,58845713;0,78740150
-0,58685713;1,57480300
-0,58525713;0,78740150
-0,58365713;0,78740150
-0,58205713;0,39370070
-0,58045713;0,78740150
-0,57885713;0,78740150
-0,57725713;1,18110200
-0,57565713;1,18110200
-0,57405713;0,39370070
-0,57245713;0,78740150
-0,57085713;1,18110200
-0,56925713;0,78740150
-0,56765713;1,18110200
-0,56605713;0,78740150
-0,56445713;1,18110200
-0,56285713;1,18110200
-0,56125713;1,57480300
-0,55965713;0,78740150
-0,55805713;0,78740150
-0,55645713;0,00000000
-0,55485713;1,18110200
-0,55325713;0,39370070
-0,55165713;1,18110200
-0,55005713;0,39370070
-0,54845713;0,78740150
-0,54685713;1,18110200
-0,54525713;1,18110200
-0,54365713;1,18110200
-0,54205713;-0,39370070
-0,54045713;1,18110200
-0,53885713;1,18110200
-0,53725713;0,78740150
-0,53565713;0,78740150
-0,53405713;0,78740150
-0,53245713;0,78740150
-0,53085713;0,39370070
-0,52925713;1,57480300
-0,52765713;0,00000000
-0,52605713;0,78740150
-0,52445713;0,39370070
-0,52285713;1,18110200
-0,52125713;0,78740150
-0,51965713;0,78740150
-0,51805713;1,18110200
-0,51645713;0,00000000
-0,51485713;0,78740150
-0,51325713;0,39370070
-0,51165713;1,18110200
-0,51005713;1,18110200
-0,50845713;1,18110200
-0,50685713;0,78740150
-0,50525713;1,57480300
-0,50365713;1,57480300
-0,50205713;1,57480300
-0,50045713;0,00000000
-0,49885713;1,18110200
-0,49725713;0,00000000
-0,49565713;1,57480300
-0,49405713;1,18110200
-0,49245713;0,78740150
-0,49085713;1,18110200
-0,48925713;1,18110200
-0,48765713;1,18110200
-0,48605713;0,39370070
-0,48445713;0,39370070
-0,48285713;1,18110200
-0,48125713;0,78740150
-0,47965713;0,78740150
-0,47805713;1,18110200
-0,47645713;1,18110200
-0,47485713;0,78740150
-0,47325713;1,57480300
-0,47165713;1,18110200
-0,47005713;1,18110200
-0,46845713;1,18110200
-0,46685713;0,39370070
-0,46525713;0,39370070
-0,46365713;0,78740150
-0,46205713;0,78740150
-0,46045713;0,39370070
-0,45885713;0,78740150
-0,45725713;1,18110200
-0,45565713;0,78740150
-0,45405713;1,18110200
-0,45245713;0,39370070
-0,45085713;0,78740150
-0,44925713;1,18110200
-0,44765713;1,96850400
-0,44605713;0,78740150
-0,44445713;1,18110200
-0,44285713;1,18110200
-0,44125713;0,78740150
-0,43965713;1,18110200
-0,43805713;0,78740150
-0,43645713;1,18110200
-0,43485713;1,18110200
-0,43325713;0,78740150
-0,43165713;1,18110200
-0,43005713;0,39370070
-0,42845713;0,78740150
-0,42685713;1,57480300
-0,42525713;1,57480300
-0,42365713;1,18110200
-0,42205713;1,18110200
-0,42045713;0,78740150
-0,41885713;0,78740150
-0,41725713;1,57480300
-0,41565713;0,78740150
-0,41405713;1,18110200
-0,41245713;1,18110200
-0,41085713;1,18110200
-0,40925713;0,78740150
-0,40765713;1,18110200
-0,40605713;0,78740150
-0,40445713;1,18110200
-0,40285713;1,57480300
-0,40125713;1,18110200
-0,39965713;1,57480300
-0,39805713;1,18110200
-0,39645713;1,18110200
-0,39485713;1,18110200
-0,39325713;1,18110200
-0,39165713;0,78740150
-0,39005713;0,39370070
-0,38845713;0,78740150
-0,38685713;0,39370070
-0,38525713;1,57480300
-0,38365713;1,18110200
-0,38205713;2,36220500
-0,38045713;0,39370070
-0,37885713;0,00000000
-0,37725713;0,78740150
-0,37565713;1,18110200
-0,37405713;1,18110200
-0,37245713;1,18110200
-0,37085713;0,39370070
-0,36925713;0,78740150
-0,36765713;0,78740150
-0,36605713;1,18110200
-0,36445713;1,57480300
-0,36285713;1,18110200
-0,36125713;1,18110200
-0,35965713;1,18110200
-0,35805713;0,78740150
-0,35645713;0,39370070
-0,35485713;1,18110200
-0,35325713;1,57480300
-0,35165713;0,78740150
-0,35005713;1,18110200
-0,34845713;1,57480300
-0,34685713;0,78740150
-0,34525713;0,00000000
-0,34365713;1,18110200
-0,34205713;1,96850400
-0,34045713;0,78740150
-0,33885713;0,78740150
-0,33725713;1,18110200
-0,33565713;0,78740150
-0,33405713;0,00000000
-0,33245713;1,18110200
-0,33085713;1,18110200
-0,32925713;0,78740150
-0,32765713;0,78740150
-0,32605713;0,78740150
-0,32445713;1,18110200
-0,32285713;1,57480300
-0,32125713;1,57480300
-0,31965713;0,78740150
-0,31805713;1,18110200
-0,31645713;1,57480300
-0,31485713;1,18110200
-0,31325713;1,18110200
-0,31165713;0,39370070
-0,31005713;1,96850400
-0,30845713;1,18110200
-0,30685713;1,57480300
-0,30525713;1,57480300
-0,30365713;0,39370070
-0,30205713;0,78740150
-0,30045713;0,78740150
-0,29885713;0,39370070
-0,29725713;1,18110200
-0,29565713;0,39370070
-0,29405713;1,18110200
-0,29245713;0,39370070
-0,29085713;1,18110200
-0,28925713;1,96850400
-0,28765713;0,78740150
-0,28605713;1,57480300
-0,28445713;1,57480300
-0,28285713;1,57480300
-0,28125713;0,39370070
-0,27965713;1,57480300
-0,27805713;0,78740150
-0,27645713;1,18110200
-0,27485713;1,57480300
-0,27325713;1,18110200
-0,27165713;0,78740150
-0,27005713;0,00000000
-0,26845713;0,78740150
-0,26685713;0,78740150
-0,26525713;1,57480300
-0,26365713;0,78740150
-0,26205713;1,18110200
-0,26045713;1,18110200
-0,25885713;1,18110200
-0,25725713;0,78740150
-0,25565713;0,39370070
-0,25405713;0,39370070
-0,25245713;1,18110200
-0,25085713;0,78740150
-0,24925713;0,78740150
-0,24765713;0,39370070
-0,24605713;0,00000000
-0,24445713;1,57480300
-0,24285713;0,39370070
-0,24125713;1,57480300
-0,23965713;1,18110200
-0,23805713;1,18110200
-0,23645713;0,78740150
-0,23485713;0,78740150
-0,23325713;0,78740150
-0,23165713;1,57480300
-0,23005713;0,78740150
-0,22845713;0,00000000
-0,22685713;0,78740150
-0,22525713;1,18110200
-0,22365713;1,18110200
-0,22205713;1,18110200
-0,22045713;1,18110200
-0,21885713;0,39370070
-0,21725713;0,78740150
-0,21565713;1,18110200
-0,21405713;1,96850400
-0,21245713;0,78740150
-0,21085713;0,78740150
-0,20925713;1,18110200
-0,20765713;1,57480300
-0,20605713;0,39370070
-0,20445713;0,78740150
-0,20285713;0,39370070
-0,20125713;0,78740150
-0,19965713;1,18110200
-0,19805713;0,78740150
-0,19645713;1,18110200
-0,19485713;0,39370070
-0,19325713;1,18110200
-0,19165713;1,57480300
-0,19005713;1,18110200
-0,18845713;0,78740150
-0,18685713;0,78740150
-0,18525713;0,78740150
-0,18365713;0,39370070
-0,18205713;1,57480300
-0,18045713;0,39370070
-0,17885713;0,39370070
-0,17725713;1,18110200
-0,17565713;0,78740150
-0,17405713;1,18110200
-0,17245713;1,57480300
-0,17085713;1,57480300
-0,16925713;1,57480300
-0,16765713;1,18110200
-0,16605713;1,18110200
-0,16445713;0,78740150
-0,16285713;0,78740150
-0,16125713;1,18110200
-0,15965713;0,39370070
-0,15805713;1,57480300
-0,15645713;1,57480300
-0,15485713;0,78740150
-0,15325713;1,57480300
-0,15165713;0,78740150
-0,15005713;0,00000000
-0,14845713;1,18110200
-0,14685713;0,78740150
-0,14525713;1,57480300
-0,14365713;0,78740150
-0,14205713;0,78740150
-0,14045713;1,57480300
-0,13885712;1,57480300
-0,13725712;0,78740150
-0,13565712;0,78740150
-0,13405712;0,78740150
-0,13245712;0,78740150
-0,13085712;1,57480300
-0,12925712;1,96850400
-0,12765712;1,18110200
-0,12605712;0,39370070
-0,12445712;0,39370070
-0,12285712;0,39370070
-0,12125712;0,39370070
-0,11965712;0,78740150
-0,11805712;0,78740150
-0,11645712;0,78740150
-0,11485712;1,18110200
-0,11325712;1,18110200
-0,11165712;1,18110200
-0,11005712;0,78740150
-0,10845712;1,18110200
-0,10685712;0,78740150
-0,10525712;1,57480300
-0,10365712;0,78740150
-0,10205712;0,00000000
-0,10045712;0,78740150
-0,09885712;1,18110200
-0,09725712;1,18110200
-0,09565712;1,57480300
-0,09405712;1,18110200
-0,09245712;1,18110200
-0,09085712;1,18110200
-0,08925712;0,78740150
-0,08765712;1,18110200
-0,08605712;1,96850400
-0,08445712;0,78740150
-0,08285712;0,39370070
-0,08125712;0,78740150
-0,07965712;1,18110200
-0,07805712;1,96850400
-0,07645712;1,18110200
-0,07485712;1,18110200
-0,07325712;0,00000000
-0,07165712;0,78740150
-0,07005712;0,78740150
-0,06845712;1,18110200
-0,06685712;1,18110200
-0,06525712;0,78740150
-0,06365712;0,78740150
-0,06205712;1,18110200
-0,06045712;1,18110200
-0,05885712;1,18110200
-0,05725712;0,78740150
-0,05565712;0,78740150
-0,05405712;0,78740150
-0,05245712;0,39370070
-0,05085712;0,39370070
-0,04925712;1,18110200
-0,04765712;0,39370070
-0,04605712;0,39370070
-0,04445712;1,18110200
-0,04285712;1,57480300
-0,04125712;1,18110200
-0,03965712;1,96850400
-0,03805712;0,78740150
-0,03645712;1,18110200
-0,03485712;1,57480300
-0,03325712;1,57480300
-0,03165712;1,18110200
-0,03005712;0,00000000
-0,02845712;0,78740150
-0,02685712;0,78740150
-0,02525712;0,00000000
-0,02365712;0,78740150
-0,02205712;1,57480300
-0,02045712;0,39370070
-0,01885712;0,39370070
-0,01725712;0,39370070
-0,01565712;0,39370070
-0,01405712;0,78740150
-0,01245712;0,78740150
-0,01085712;0,39370070
-0,00925712;1,18110200
-0,00765712;0,78740150
-0,00605712;1,18110200
-0,00445712;1,18110200
-0,00285712;0,78740150
-0,00125712;0,78740150
0,00034288;6,29921200
0,00194288;5,90551100
0,00354288;6,69291300
0,00514288;5,90551100
0,00674288;5,51181100
0,00834288;3,14960600
0,00994288;3,14960600
0,01154288;3,14960600
0,01314288;3,14960600
0,01474288;2,75590500
0,01634288;2,36220500
0,01794288;2,75590500
0,01954288;2,36220500
0,02114288;1,57480300
0,02274288;1,18110200
0,02434288;1,96850400
0,02594288;1,96850400
0,02754288;1,96850400
0,02914288;1,18110200
0,03074288;0,78740150
0,03234288;0,78740150
0,03394288;1,18110200
0,03554288;0,78740150
0,03714288;0,78740150
0,03874288;1,18110200
0,04034288;0,78740150
0,04194288;0,78740150
0,04354288;1,18110200
0,04514288;0,00000000
0,04674288;0,39370070
0,04834288;0,78740150
0,04994288;0,78740150
0,05154288;0,78740150
0,05314288;0,00000000
0,05474288;1,18110200
0,05634288;0,78740150
0,05794288;0,39370070
0,05954288;0,39370070
0,06114288;0,78740150
0,06274288;0,00000000
0,06434288;0,39370070
0,06594288;0,39370070
0,06754288;0,78740150
0,06914288;0,78740150
0,07074288;1,18110200
0,07234288;1,57480300
0,07394288;0,78740150
0,07554288;0,78740150
0,07714288;0,39370070
0,07874288;0,78740150
0,08034288;1,18110200
0,08194288;0,78740150
0,08354288;0,39370070
0,08514288;1,18110200
0,08674288;1,18110200
0,08834288;0,39370070
0,08994288;0,78740150
0,09154288;1,18110200
0,09314288;0,39370070
0,09474288;0,78740150
0,09634288;0,39370070
0,09794288;1,18110200
0,09954288;-0,39370070
0,10114288;0,78740150
0,10274288;0,00000000
0,10434288;0,78740150
0,10594288;0,78740150
0,10754288;1,57480300
0,10914288;0,78740150
0,11074288;0,39370070
0,11234288;0,39370070
0,11394288;0,00000000
0,11554288;0,78740150
0,11714288;0,39370070
0,11874288;0,78740150
0,12034288;0,78740150
0,12194288;1,18110200
0,12354288;1,57480300
0,12514288;0,78740150
0,12674288;0,78740150
0,12834288;0,00000000
0,12994288;0,39370070
0,13154288;1,18110200
0,13314288;0,78740150
0,13474288;0,78740150
0,13634288;0,00000000
0,13794288;1,18110200
0,13954288;1,18110200
0,14114288;0,78740150
0,14274288;0,78740150
0,14434288;0,78740150
0,14594288;1,18110200
0,14754288;0,78740150
0,14914288;0,78740150
0,15074288;0,78740150
0,15234288;0,39370070
0,15394288;0,00000000
0,15554288;0,39370070
0,15714288;0,39370070
0,15874288;0,39370070
0,16034288;1,18110200
0,16194288;1,18110200
0,16354288;0,78740150
0,16514288;1,18110200
0,16674288;0,78740150
0,16834288;0,39370070
0,16994288;0,39370070
0,17154288;1,18110200
0,17314288;0,00000000
0,17474288;1,57480300
0,17634288;0,39370070
0,17794288;0,39370070
0,17954288;0,78740150
0,18114288;0,39370070
0,18274288;1,57480300
0,18434288;0,78740150
0,18594288;0,00000000
0,18754288;0,39370070
0,18914288;1,18110200
0,19074288;1,18110200
0,19234288;0,78740150
0,19394288;0,78740150
0,19554288;0,78740150
0,19714288;0,39370070
0,19874288;0,39370070
0,20034288;0,39370070
0,20194288;0,78740150
0,20354288;0,39370070
0,20514288;1,18110200
0,20674288;0,00000000
0,20834288;1,18110200
0,20994288;0,78740150
0,21154288;1,18110200
0,21314288;0,78740150
0,21474288;1,18110200
0,21634288;1,18110200
0,21794288;1,18110200
0,21954288;0,39370070
0,22114288;0,78740150
0,22274288;0,78740150
0,22434288;1,18110200
0,22594288;0,78740150
0,22754288;1,57480300
0,22914288;1,18110200
0,23074288;0,39370070
0,23234288;1,18110200
0,23394288;0,78740150
0,23554288;0,39370070
0,23714288;0,78740150
0,23874288;0,39370070
0,24034288;0,78740150
0,24194288;0,78740150
0,24354288;1,18110200
0,24514288;1,18110200
0,24674288;0,39370070
0,24834288;1,18110200
0,24994288;0,39370070
0,25154288;-0,39370070
0,25314288;0,78740150
0,25474288;1,18110200
0,25634288;0,78740150
0,25794288;0,78740150
0,25954288;1,18110200
0,26114288;1,18110200
0,26274288;1,18110200
0,26434288;0,39370070
0,26594288;0,78740150
0,26754288;0,39370070
0,26914288;0,78740150
0,27074288;0,78740150
0,27234288;0,78740150
0,27394288;0,39370070
0,27554288;0,39370070
0,27714288;1,18110200
0,27874288;0,39370070
0,28034288;1,18110200
0,28194288;0,39370070
0,28354288;0,78740150
0,28514288;0,00000000
0,28674288;0,78740150
0,28834288;0,78740150
0,28994288;1,18110200
0,29154288;0,78740150
0,29314288;1,96850400
0,29474288;-0,39370070
0,29634288;1,57480300
0,29794288;0,78740150
0,29954288;0,78740150
0,30114288;0,78740150
0,30274288;1,18110200
0,30434288;0,39370070
0,30594288;1,96850400
0,30754288;0,39370070
0,30914288;1,18110200
0,31074288;0,39370070
0,31234288;0,78740150
0,31394288;1,57480300
0,31554288;0,39370070
0,31714288;0,39370070
0,31874288;1,18110200
0,32034288;1,18110200
0,32194288;0,78740150
0,32354288;0,78740150
0,32514288;1,18110200
0,32674288;0,39370070
0,32834288;1,18110200
0,32994288;0,78740150
0,33154288;0,39370070
0,33314288;1,18110200
0,33474288;0,39370070
0,33634288;0,39370070
0,33794288;1,18110200
0,33954288;0,78740150
0,34114288;1,18110200
0,34274288;0,00000000
0,34434288;1,18110200
0,34594288;1,18110200
0,34754288;1,57480300
0,34914288;0,00000000
0,35074288;0,78740150
0,35234288;1,18110200
0,35394288;0,00000000
0,35554288;0,78740150
0,35714288;1,18110200
0,35874288;0,39370070
0,36034288;0,00000000
0,36194288;0,39370070
0,36354288;1,18110200
0,36514288;1,18110200
0,36674288;0,78740150
0,36834288;0,78740150
0,36994288;0,39370070
0,37154288;1,57480300
0,37314288;1,18110200
0,37474288;0,78740150
0,37634288;1,18110200
0,37794288;0,78740150
0,37954288;1,18110200
0,38114288;0,00000000
0,38274288;0,78740150
0,38434288;0,39370070
0,38594288;0,39370070
0,38754288;0,39370070
0,38914288;1,96850400
0,39074288;0,78740150
0,39234288;0,78740150
0,39394288;0,39370070
0,39554288;1,18110200
0,39714288;1,18110200
0,39874288;0,78740150
0,40034288;0,39370070
0,40194288;0,78740150
0,40354288;1,18110200
0,40514288;1,18110200
0,40674288;1,57480300
0,40834288;0,39370070
0,40994288;0,39370070
0,41154288;1,57480300
0,41314288;0,00000000
0,41474288;1,18110200
0,41634288;0,78740150
0,41794288;0,00000000
0,41954288;0,39370070
0,42114288;1,18110200
0,42274288;0,78740150
0,42434288;0,78740150
0,42594288;0,78740150
0,42754288;0,78740150
0,42914288;0,78740150
0,43074288;0,39370070
0,43234288;1,18110200
0,43394288;1,18110200
0,43554288;1,18110200
0,43714288;0,78740150
0,43874288;1,18110200
0,44034288;0,00000000
0,44194288;1,18110200
0,44354288;1,18110200
0,44514288;1,18110200
0,44674288;1,18110200
0,44834288;0,78740150
0,44994288;1,18110200
0,45154288;0,78740150
0,45314288;1,18110200
0,45474288;0,78740150
0,45634288;0,78740150
0,45794288;0,39370070
0,45954288;1,18110200
0,46114288;1,18110200
0,46274288;0,78740150
0,46434288;0,00000000
0,46594288;0,78740150
0,46754288;0,00000000
0,46914288;1,57480300
0,47074288;1,18110200
0,47234288;0,39370070
0,47394288;1,18110200
0,47554288;1,18110200
0,47714288;1,18110200
0,47874288;0,78740150
0,48034288;0,39370070
0,48194288;1,18110200
0,48354288;1,57480300
0,48514288;1,18110200
0,48674288;0,78740150
0,48834288;0,78740150
0,48994288;1,57480300
0,49154288;0,39370070
0,49314288;1,18110200
0,49474288;0,78740150
0,49634288;0,78740150
0,49794288;0,78740150
0,49954288;0,78740150
0,50114288;1,18110200
0,50274288;0,78740150
0,50434288;0,00000000
0,50594288;0,00000000
0,50754288;0,78740150
0,50914288;0,78740150
0,51074288;1,18110200
0,51234288;1,18110200
0,51394288;0,78740150
0,51554288;0,39370070
0,51714288;0,39370070
0,51874288;0,39370070
0,52034288;0,78740150
0,52194288;1,18110200
0,52354288;1,18110200
0,52514288;0,78740150
0,52674288;0,39370070
0,52834288;0,39370070
0,52994288;1,57480300
0,53154288;1,18110200
0,53314288;1,57480300
0,53474288;1,18110200
0,53634288;1,57480300
0,53794288;-0,39370070
0,53954288;0,00000000
0,54114288;0,78740150
0,54274288;0,39370070
0,54434288;0,78740150
0,54594288;1,57480300
0,54754288;1,18110200
0,54914288;0,78740150
0,55074288;1,18110200
0,55234288;1,18110200
0,55394288;1,18110200
0,55554288;0,39370070
0,55714288;1,18110200
0,55874288;1,57480300
0,56034288;1,18110200
0,56194288;1,18110200
0,56354288;1,57480300
0,56514288;1,96850400
0,56674288;0,78740150
0,56834288;1,57480300
0,56994288;0,78740150
0,57154288;0,39370070
0,57314288;0,78740150
0,57474288;0,39370070
0,57634288;0,78740150
0,57794288;0,78740150
0,57954288;1,57480300
0,58114288;1,57480300
0,58274288;0,78740150
0,58434288;0,78740150
0,58594288;0,39370070
0,58754288;1,18110200
0,58914288;1,18110200
0,59074288;1,18110200
0,59234288;1,57480300
0,59394288;1,18110200
0,59554288;0,00000000
0,59714288;0,78740150
0,59874288;1,57480300
0,60034288;1,57480300
0,60194288;1,18110200
0,60354288;1,18110200
0,60514288;0,78740150
0,60674288;1,18110200
0,60834288;0,78740150
0,60994289;1,18110200
0,61154289;1,18110200
0,61314289;0,78740150
0,61474289;0,78740150
0,61634289;0,00000000
0,61794289;0,39370070
0,61954289;0,78740150
0,62114289;1,18110200
0,62274289;1,18110200
0,62434289;0,78740150
0,62594289;1,57480300
0,62754289;1,18110200
0,62914289;0,78740150
0,63074289;1,18110200
0,63234289;1,57480300
0,63394289;0,78740150
0,63554289;0,39370070
0,63714289;0,78740150
0,63874289;1,57480300
0,64034289;0,39370070
0,64194289;0,78740150
0,64354289;0,39370070
0,64514289;1,57480300
0,64674289;0,39370070
0,64834289;0,78740150
0,64994289;1,18110200
0,65154289;0,39370070
0,65314289;1,18110200
0,65474289;1,18110200
0,65634289;0,78740150
0,65794289;1,57480300
0,65954289;1,18110200
0,66114289;1,57480300
0,66274289;0,78740150
0,66434289;1,18110200
0,66594289;0,78740150
0,66754289;0,78740150
0,66914289;1,18110200
0,67074289;0,78740150
0,67234289;0,39370070
0,67394289;1,18110200
0,67554289;0,78740150
0,67714289;1,18110200
0,67874289;0,78740150
0,68034289;1,18110200
0,68194289;1,18110200
0,68354289;-0,39370070
0,68514289;1,18110200
0,68674289;1,18110200
0,68834289;0,39370070
0,68994289;1,18110200
0,69154289;1,18110200
0,69314289;1,18110200
0,69474289;1,18110200
0,69634289;1,57480300
0,69794289;1,18110200
0,69954289;1,57480300
0,70114289;1,57480300
0,70274289;1,18110200
0,70434289;1,18110200
0,70594289;1,18110200
0,70754289;1,18110200
0,70914289;1,18110200
0,71074289;0,39370070
0,71234289;0,78740150
0,71394289;1,18110200
0,71554289;0,78740150
0,71714289;1,18110200
0,71874289;1,18110200
0,72034289;0,39370070
0,72194289;0,00000000
0,72354289;1,18110200
0,72514289;1,57480300
0,72674289;1,96850400
0,72834289;1,18110200
0,72994289;1,18110200
0,73154289;0,78740150
0,73314289;0,78740150
0,73474289;1,18110200
0,73634289;1,57480300
0,73794289;1,18110200
0,73954289;0,39370070
0,74114289;0,78740150
0,74274289;0,00000000
0,74434289;1,18110200
0,74594289;1,57480300
0,74754289;0,78740150
0,74914289;0,00000000
0,75074289;0,78740150
0,75234289;1,57480300
0,75394289;1,57480300
0,75554289;0,78740150
0,75714289;1,57480300
0,75874289;0,39370070
0,76034289;1,18110200
0,76194289;0,39370070
0,76354289;1,18110200
0,76514289;0,00000000
0,76674289;1,18110200
0,76834289;1,18110200
0,76994289;1,18110200
0,77154289;1,96850400
0,77314289;1,57480300
0,77474289;1,18110200
0,77634289;1,18110200
0,77794289;0,00000000
0,77954289;0,39370070
0,78114289;0,78740150
0,78274289;0,39370070
0,78434289;1,18110200
0,78594289;1,57480300
0,78754289;0,78740150
0,78914289;1,18110200
0,79074289;0,39370070
0,79234289;0,78740150
0,79394289;1,57480300
0,79554289;0,78740150
0,79714289;0,78740150
0,79874289;1,18110200
0,80034289;1,18110200
0,80194289;0,78740150
0,80354289;0,78740150
0,80514289;1,18110200
0,80674289;1,18110200
0,80834289;1,18110200
0,80994289;0,78740150
0,81154289;1,57480300
0,81314289;1,18110200
0,81474289;1,18110200
0,81634289;0,39370070
0,81794289;1,18110200
0,81954289;0,39370070
0,82114289;0,78740150
0,82274289;0,39370070
0,82434289;0,78740150
0,82594289;0,78740150
0,82754289;0,78740150
0,82914289;0,78740150
0,83074289;1,18110200
0,83234289;1,18110200
0,83394289;0,78740150
0,83554289;0,78740150
0,83714289;0,78740150
0,83874289;0,78740150
0,84034289;1,18110200
0,84194289;1,18110200
0,84354289;0,78740150
0,84514289;0,78740150
0,84674289;1,18110200
0,84834289;1,18110200
0,84994289;0,78740150
0,85154289;1,18110200
0,85314289;0,78740150
0,85474289;1,18110200
0,85634289;0,39370070
0,85794289;1,18110200
0,85954289;1,18110200
0,86114289;1,18110200
0,86274289;0,39370070
0,86434289;1,18110200
0,86594289;0,78740150
0,86754289;1,18110200
0,86914289;1,18110200
0,87074289;1,57480300
0,87234289;0,78740150
0,87394289;1,18110200
0,87554289;1,57480300
0,87714289;1,57480300
0,87874289;0,78740150
0,88034289;0,39370070
0,88194289;0,78740150
0,88354289;0,00000000
0,88514289;0,00000000
0,88674289;1,18110200
0,88834289;0,39370070
0,88994289;1,57480300
0,89154289;1,18110200
0,89314289;0,78740150
0,89474289;1,18110200
0,89634289;0,39370070
0,89794289;1,18110200
0,89954289;0,78740150
0,90114289;1,57480300
0,90274289;0,78740150
0,90434289;1,18110200
0,90594289;1,57480300
0,90754289;1,18110200
0,90914289;0,39370070
0,91074289;1,57480300
0,91234289;0,78740150
0,91394289;0,39370070
0,91554289;0,39370070
0,91714289;0,39370070
0,91874289;1,18110200
0,92034289;0,78740150
0,92194289;0,39370070
0,92354289;0,39370070
0,92514289;0,78740150
0,92674289;1,18110200
0,92834289;0,39370070
0,92994289;0,78740150
0,93154289;1,18110200
0,93314289;1,18110200
0,93474289;0,78740150
0,93634289;0,78740150
0,93794289;0,78740150
0,93954289;0,39370070
0,94114289;0,00000000
0,94274289;0,78740150
0,94434289;1,57480300
0,94594289;1,18110200
0,94754289;1,18110200
0,94914289;0,78740150
0,95074289;0,78740150
0,95234289;0,78740150
0,95394289;0,39370070
0,95554289;0,78740150
0,95714289;0,78740150
0,95874289;0,00000000
0,96034289;0,78740150
0,96194289;1,18110200
0,96354289;1,18110200
0,96514289;0,78740150
0,96674289;0,39370070
0,96834289;0,78740150
0,96994289;0,39370070
0,97154289;0,39370070
0,97314289;0,39370070
0,97474289;0,78740150
0,97634289;1,18110200
0,97794289;1,18110200
0,97954289;0,78740150
0,98114289;0,78740150
0,98274289;0,39370070
0,98434289;1,18110200
0,98594289;0,39370070
0,98754289;0,39370070
0,98914289;1,18110200
0,99074289;0,78740150
0,99234289;0,78740150
0,99394289;0,78740150
0,99554289;0,00000000
0,99714289;0,39370070
0,99874289;0,78740150
1,00034289;0,78740150
1,00194289;0,39370070
1,00354289;0,78740150
1,00514289;0,78740150
1,00674289;1,18110200
1,00834289;0,39370070
1,00994289;0,39370070
1,01154289;0,39370070
1,01314289;0,39370070
1,01474289;1,57480300
1,01634289;1,18110200
1,01794289;0,78740150
1,01954289;0,78740150
1,02114289;0,78740150
1,02274289;1,18110200
1,02434289;0,78740150
1,02594289;1,18110200
1,02754289;1,18110200
1,02914289;0,78740150
1,03074289;0,78740150
1,03234289;0,00000000
1,03394289;0,00000000
1,03554289;0,78740150
1,03714289;0,78740150
1,03874289;0,78740150
1,04034289;0,39370070
1,04194289;1,57480300
1,04354289;0,78740150
1,04514289;1,57480300
1,04674289;0,39370070
1,04834289;1,57480300
1,04994289;0,39370070
1,05154289;0,39370070
1,05314289;1,18110200
1,05474289;0,00000000
1,05634289;0,78740150
1,05794289;0,78740150
1,05954289;1,18110200
1,06114289;0,78740150
1,06274289;1,57480300
